1,302,214,132,430,0
2,302,216,132,428,0
3,302,219,132,425,0
4,302,221,133,424,0
5,303,224,132,421,0
6,303,227,133,418,0
7,303,229,133,417,0
8,303,232,134,414,0
9,304,234,133,413,0
10,304,237,134,410,0
11,304,240,134,407,0
12,304,242,135,406,0
13,305,245,134,403,0
14,305,247,135,402,0
15,305,250,135,399,0
16,305,253,136,396,0
17,306,255,135,395,0
18,306,258,136,392,0
19,306,260,136,391,0
20,306,263,137,388,0
21,307,266,136,385,0
22,307,268,137,384,0
23,307,271,137,381,0
24,308,274,137,379,0
25,307,274,137,378,0
26,306,274,137,378,0
27,305,274,137,377,0
28,304,274,138,377,0
29,304,274,137,377,0
30,303,274,137,376,0
31,302,275,138,375,0
32,301,275,138,375,0
33,301,275,137,374,0
34,300,275,138,374,0
35,299,275,138,374,0
36,298,275,138,373,0
37,298,276,138,372,0
38,297,276,138,372,0
39,296,276,138,371,0
40,295,276,138,371,0
41,294,276,139,371,0
42,294,276,138,370,0
43,293,276,138,370,0
44,292,277,139,369,0
45,291,277,139,368,0
46,291,277,138,368,0
47,290,277,139,368,0
48,289,277,139,367,0
49,288,277,139,367,0
50,288,278,139,366,0
51,289,278,138,365,0
52,290,278,138,364,0
53,291,279,138,363,0
54,292,279,138,362,0
55,293,280,138,361,0
56,294,280,138,360,0
57,295,281,138,359,0
58,296,281,137,358,0
59,297,282,137,356,0
60,299,282,136,356,0
61,300,283,136,354,0
62,301,283,136,354,0
63,302,284,136,352,0
64,303,284,136,352,0
65,304,284,136,351,0
66,305,285,135,349,0
67,306,285,135,349,0
68,307,286,135,347,0
69,308,286,135,347,0
70,310,287,134,345,0
71,311,287,134,345,0
72,312,288,134,343,0
73,313,288,134,343,0
74,314,289,133,341,0
75,315,289,133,340,0
76,316,290,133,339,0
77,317,290,133,338,0
78,318,290,133,338,0
79,319,291,133,336,0
80,321,291,132,336,0
81,322,292,132,334,0
82,323,292,131,333,0
83,324,293,131,332,0
84,325,293,131,331,0
85,326,294,131,330,0
86,327,294,131,329,0
87,328,295,131,328,0
88,329,295,131,327,0
89,331,296,130,326,0
90,332,295,130,325,0
91,334,295,129,323,0
92,336,295,128,322,0
93,337,294,128,321,0
94,339,294,127,319,0
95,341,294,126,318,0
96,343,294,125,316,0
97,344,293,125,315,0
98,346,293,124,314,0
99,348,293,123,312,0
100,350,293,122,311,0
101,351,292,122,310,0
102,353,292,121,308,0
103,355,292,120,307,0
104,357,292,119,305,0
105,358,291,119,304,0
106,360,291,118,303,0
107,362,291,117,301,0
108,364,291,116,300,0
109,365,290,116,299,0
110,367,290,115,297,0
111,369,290,114,296,0
112,371,290,113,294,0
113,372,289,113,293,0
114,374,289,112,292,0
115,376,289,111,290,0
116,378,289,110,289,0
117,379,286,110,290,0
118,381,284,109,291,0
119,383,281,108,292,0
120,385,279,108,293,0
121,387,277,107,293,0
122,389,274,106,295,0
123,391,272,105,295,0
124,393,270,105,296,0
125,394,267,105,297,0
126,396,265,104,298,0
127,398,262,103,299,0
128,400,260,103,300,0
129,402,258,102,300,0
130,404,255,101,302,0
131,406,253,100,302,0
132,408,251,100,303,0
133,408,250,100,303,0
134,408,250,100,302,0
135,409,249,100,303,0
136,409,249,100,302,0
137,409,249,100,302,0
138,410,248,100,302,0
139,410,248,100,302,0
140,410,248,100,301,0
141,411,247,100,302,0
142,411,247,100,301,0
143,412,247,99,300,0
144,412,246,100,301,0
145,412,246,100,300,0
146,413,246,99,300,0
147,413,245,100,300,0
148,413,245,100,300,0
149,414,245,99,299,0
150,414,244,100,300,0
151,415,244,99,299,0
152,415,244,99,298,0
153,415,243,100,299,0
154,416,243,99,298,0
155,416,243,99,298,0
156,416,242,100,298,0
157,417,242,99,298,0
158,417,242,99,297,0
159,417,241,100,298,0
160,418,241,99,297,0
161,418,241,99,296,0
162,419,240,99,297,0
163,419,240,99,296,0
164,419,240,99,296,0
165,420,239,99,296,0
166,420,239,99,296,0
167,420,239,99,295,0
168,421,238,99,296,0
169,421,238,99,295,0
170,422,238,99,295,0
171,420,237,99,295,0
172,419,236,99,295,0
173,417,235,100,295,0
174,416,234,100,295,0
175,414,233,101,295,0
176,413,233,101,295,0
177,412,232,100,295,0
178,410,231,101,295,0
179,409,230,101,295,0
180,407,229,102,295,0
181,406,228,102,295,0
182,404,228,103,295,0
183,403,227,102,295,0
184,402,226,102,295,0
185,400,225,103,295,0
186,399,224,103,295,0
187,397,223,104,295,0
188,396,223,104,295,0
189,394,222,104,295,0
190,393,221,104,295,0
191,392,220,104,295,0
192,390,219,105,295,0
193,389,218,105,295,0
194,387,218,106,295,0
195,386,217,105,295,0
196,384,216,106,295,0
197,383,215,106,295,0
198,382,214,106,295,0
199,380,213,107,295,0
200,379,213,107,295,0
201,377,212,107,295,0
202,376,211,107,295,0
203,374,210,108,295,0
204,373,209,108,295,0
205,372,208,108,295,0
206,370,208,109,295,0
207,369,207,108,295,0
208,367,206,109,295,0
209,366,205,109,295,0
210,364,204,110,295,0
211,363,203,110,295,0
212,362,203,110,295,0
213,360,202,110,295,0
214,358,201,110,296,0
215,357,200,110,297,0
216,355,199,110,298,0
217,354,198,110,299,0
218,352,197,110,299,0
219,351,196,110,300,0
220,349,195,110,301,0
221,347,194,110,302,0
222,346,193,110,303,0
223,344,192,110,304,0
224,343,191,110,304,0
225,341,190,110,305,0
226,340,189,110,306,0
227,338,188,110,307,0
228,336,187,110,308,0
229,335,186,110,309,0
230,333,185,110,309,0
231,332,184,110,310,0
232,330,183,110,311,0
233,329,182,110,312,0
234,327,181,110,313,0
235,325,180,110,314,0
236,324,179,110,314,0
237,322,178,110,315,0
238,321,177,110,316,0
239,319,176,110,317,0
240,318,175,110,318,0
241,316,174,110,319,0
242,314,173,110,319,0
243,313,172,110,320,0
244,311,171,110,321,0
245,310,170,110,322,0
246,308,169,110,323,0
247,307,168,110,324,0
248,305,168,110,325,0
249,303,168,110,326,0
250,301,168,110,328,0
251,299,168,111,329,0
252,297,168,111,331,0
253,295,168,111,332,0
254,293,168,112,334,0
255,291,168,112,335,0
256,289,168,112,337,0
257,287,168,112,338,0
258,285,168,113,340,0
259,283,168,113,341,0
260,281,168,113,343,0
261,279,168,114,344,0
262,277,168,114,346,0
263,275,168,114,347,0
264,273,168,115,349,0
265,271,168,115,350,0
266,269,168,115,352,0
267,267,168,115,353,0
268,265,168,116,355,0
269,263,168,116,356,0
270,261,168,116,358,0
271,259,168,117,359,0
272,257,168,117,361,0
273,255,168,117,362,0
274,253,169,118,363,0
275,255,168,118,365,0
276,258,168,118,366,0
277,261,168,118,367,0
278,263,168,119,368,0
279,266,167,119,370,0
280,269,167,119,371,0
281,272,167,119,372,0
282,274,167,120,373,0
283,277,166,120,375,0
284,280,166,120,376,0
285,282,166,121,377,0
286,285,166,121,378,0
287,288,165,121,380,0
288,291,165,121,381,0
289,293,165,122,382,0
290,296,165,122,383,0
291,299,164,122,385,0
292,301,164,123,386,0
293,304,164,123,387,0
294,307,164,123,388,0
295,310,164,123,390,0
296,314,165,126,389,0
297,318,167,129,387,0
298,323,168,131,386,0
299,327,170,135,385,0
300,331,172,138,383,0
301,336,173,140,382,0
302,340,175,144,380,0
303,345,177,146,379,0
304,349,178,149,378,0
305,353,180,153,376,0
306,358,182,155,374,0
307,362,183,158,374,0
308,367,185,160,372,0
309,371,187,164,370,0
310,375,188,167,369,0
311,380,190,169,368,0
312,384,192,173,366,0
313,389,193,175,365,0
314,393,195,178,363,0
315,397,197,182,362,0
316,402,198,184,361,0
317,406,200,187,359,0
318,411,202,190,358,0
319,413,202,190,358,0
320,415,202,190,359,0
321,417,202,190,360,0
322,419,202,190,361,0
323,421,202,191,362,0
324,423,202,191,363,0
325,426,202,190,363,0
326,428,202,190,364,0
327,430,202,190,365,0
328,432,202,191,366,0
329,434,202,191,367,0
330,436,202,191,368,0
331,439,202,190,368,0
332,441,202,190,369,0
333,443,202,191,370,0
334,445,202,191,371,0
335,447,202,191,372,0
336,449,202,191,373,0
337,452,202,191,374,0
338,453,200,189,376,0
339,455,198,187,378,0
340,457,196,185,380,0
341,458,194,184,382,0
342,460,192,182,384,0
343,462,190,180,386,0
344,463,189,179,387,0
345,465,187,177,389,0
346,467,185,175,391,0
347,468,183,174,393,0
348,470,181,172,395,0
349,472,179,170,397,0
350,473,178,168,398,0
351,475,176,166,400,0
352,477,174,164,402,0
353,478,172,163,404,0
354,480,170,161,406,0
355,482,168,159,408,0
356,483,167,158,409,0
357,485,165,156,411,0
358,487,163,154,413,0
359,488,161,153,415,0
360,490,159,151,417,0
361,492,157,149,419,0
362,494,156,147,420,0
363,494,155,147,420,0
364,495,154,147,420,0
365,496,154,147,420,0
366,497,153,147,420,0
367,498,153,147,420,0
368,499,152,147,420,0
369,500,152,147,420,0
370,501,151,147,420,0
371,502,150,147,420,0
372,503,150,147,420,0
373,503,149,147,420,0
374,504,149,147,420,0
375,505,148,147,420,0
376,506,148,147,420,0
377,507,147,147,420,0
378,508,146,147,420,0
379,509,146,147,420,0
380,510,145,147,420,0
381,511,145,147,420,0
382,512,144,147,420,0
383,513,144,147,420,0
384,511,142,147,421,0
385,510,141,147,422,0
386,509,139,146,424,0
387,508,138,146,425,0
388,507,136,145,427,0
389,506,135,145,428,0
390,505,133,144,430,0
391,504,132,144,431,0
392,502,130,144,433,0
393,501,129,144,434,0
394,500,127,143,436,0
395,499,126,143,437,0
396,498,124,142,439,0
397,497,123,142,440,0
398,496,121,141,442,0
399,495,120,141,443,0
400,493,118,141,445,0
401,492,117,141,446,0
402,491,115,140,448,0
403,490,114,140,449,0
404,489,112,139,451,0
405,488,111,139,452,0
406,487,109,138,454,0
407,486,108,138,455,0
408,492,119,138,455,0
409,491,119,137,455,0
410,490,119,137,456,0
411,490,119,136,456,0
412,489,119,136,457,0
413,489,119,135,457,0
414,488,119,135,458,0
415,487,120,135,458,0
416,487,120,134,458,0
417,486,120,134,459,0
418,486,120,132,459,0
419,485,120,132,460,0
420,484,120,132,461,0
421,484,121,131,460,0
422,483,121,131,461,0
423,483,121,130,461,0
424,482,121,130,462,0
425,481,121,130,463,0
426,481,121,129,463,0
427,480,122,128,463,0
428,480,122,127,463,0
429,479,122,127,464,0
430,478,122,127,465,0
431,478,122,126,465,0
432,477,122,126,466,0
433,477,123,125,465,0
434,476,123,125,466,0
435,475,123,125,467,0
436,475,123,123,467,0
437,474,123,123,468,0
438,474,123,122,468,0
439,473,124,122,468,0
440,472,124,122,469,0
441,472,124,121,469,0
442,471,124,121,470,0
443,471,124,120,470,0
444,470,124,120,471,0
445,470,125,119,471,0
446,469,125,119,471,0
447,468,125,119,471,0
448,468,126,119,471,0
449,467,126,119,471,0
450,467,126,119,471,0
451,466,127,119,471,0
452,465,127,119,471,0
453,465,127,119,471,0
454,464,128,119,471,0
455,464,128,119,471,0
456,463,129,119,471,0
457,462,129,119,471,0
458,462,129,119,471,0
459,461,130,119,471,0
460,461,130,119,471,0
461,460,130,119,471,0
462,459,131,119,471,0
463,459,131,119,471,0
464,458,131,119,471,0
465,458,132,119,471,0
466,457,132,119,471,0
467,457,133,119,471,0
468,457,132,119,471,0
469,457,132,120,471,0
470,458,132,119,471,0
471,458,132,120,471,0
472,458,132,120,471,0
473,459,131,120,471,0
474,459,131,120,471,0
475,459,131,121,471,0
476,460,131,121,471,0
477,460,131,121,471,0
478,460,131,122,471,0
479,461,130,121,471,0
480,461,130,122,471,0
481,462,130,121,471,0
482,462,130,122,471,0
483,462,130,123,471,0
484,463,129,122,471,0
485,463,129,123,471,0
486,463,129,123,471,0
487,464,129,123,471,0
488,464,129,123,471,0
489,464,129,124,471,0
490,465,128,123,471,0
491,465,128,124,471,0
492,465,128,125,471,0
493,466,128,124,471,0
494,466,128,125,471,0
495,467,127,124,471,0
496,467,127,125,471,0
497,467,127,125,471,0
498,468,127,125,471,0
499,468,127,126,471,0
500,468,127,126,471,0
501,469,126,126,471,0
502,469,126,126,471,0
503,469,126,127,471,0
504,470,126,126,471,0
505,470,126,127,471,0
506,471,126,127,471,0
507,469,126,128,471,0
508,468,126,128,471,0
509,467,127,128,471,0
510,466,127,128,471,0
511,465,128,128,471,0
512,464,128,129,471,0
513,463,129,129,471,0
514,462,129,129,471,0
515,461,130,129,471,0
516,460,130,129,471,0
517,459,130,130,471,0
518,458,131,130,471,0
519,457,131,130,471,0
520,456,132,130,471,0
521,455,132,130,471,0
522,454,133,130,471,0
523,453,133,131,471,0
524,452,134,131,471,0
525,451,134,131,471,0
526,450,134,131,471,0
527,449,135,131,471,0
528,448,135,132,471,0
529,447,136,132,471,0
530,446,136,132,471,0
531,445,137,132,471,0
532,444,137,132,471,0
533,443,138,132,471,0
534,442,138,133,471,0
535,441,138,133,471,0
536,440,139,133,471,0
537,439,139,133,471,0
538,438,140,133,471,0
539,437,140,134,471,0
540,436,141,134,471,0
541,435,141,134,471,0
542,434,142,134,471,0
543,433,142,134,471,0
544,432,143,135,471,0
545,432,142,135,471,0
546,432,142,135,471,0
547,432,142,135,471,0
548,432,142,135,471,0
549,432,142,135,471,0
550,432,141,135,471,0
551,432,141,135,471,0
552,432,141,135,471,0
553,432,141,135,471,0
554,432,141,135,471,0
555,432,140,135,471,0
556,432,140,135,471,0
557,432,140,135,471,0
558,432,140,135,471,0
559,432,140,135,471,0
560,433,139,135,471,0
561,433,139,135,471,0
562,433,139,135,471,0
563,433,139,135,471,0
564,433,139,135,471,0
565,433,138,135,471,0
566,433,138,135,471,0
567,433,138,135,471,0
568,433,138,135,471,0
569,433,138,135,471,0
570,433,138,135,471,0
571,433,137,135,471,0
572,433,137,135,471,0
573,433,137,135,471,0
574,433,137,135,471,0
575,433,137,135,471,0
576,434,136,135,471,0
577,434,136,135,471,0
578,434,136,135,471,0
579,434,136,135,471,0
580,434,136,135,471,0
581,434,135,135,471,0
582,434,135,135,471,0
583,434,135,135,471,0
584,434,135,135,471,0
585,434,135,135,471,0
586,434,134,135,471,0
587,434,134,135,471,0
588,434,134,135,471,0
589,434,134,135,471,0
590,434,134,135,471,0
591,435,134,135,471,0
592,435,134,135,471,0
593,435,134,135,471,0
594,435,134,135,471,0
595,435,134,135,471,0
596,435,134,135,471,0
597,435,134,135,471,0
598,435,134,135,471,0
599,435,134,136,471,0
600,435,134,136,471,0
601,435,134,136,471,0
602,435,134,136,471,0
603,435,134,136,471,0
604,435,134,136,471,0
605,435,134,136,471,0
606,435,134,137,471,0
607,435,134,137,471,0
608,435,134,137,471,0
609,435,134,137,471,0
610,435,134,137,471,0
611,435,134,137,471,0
612,435,134,137,471,0
613,435,134,137,471,0
614,435,134,138,471,0
615,435,134,138,471,0
616,435,134,138,471,0
617,435,134,138,471,0
618,435,134,138,471,0
619,435,134,138,471,0
620,435,134,138,471,0
621,435,134,139,471,0
622,435,134,139,471,0
623,435,134,139,471,0
624,435,134,139,471,0
625,435,134,139,471,0
626,435,134,139,471,0
627,435,134,139,471,0
628,435,134,139,471,0
629,435,134,140,471,0
630,435,134,140,471,0
631,435,134,140,471,0
632,435,134,140,471,0
633,435,134,140,471,0
634,435,134,140,471,0
635,435,134,140,471,0
636,435,134,141,471,0
637,435,134,141,471,0
638,435,134,141,471,0
639,435,134,141,471,0
640,435,134,141,471,0
641,435,134,141,471,0
642,435,134,141,471,0
643,435,134,141,471,0
644,435,134,142,471,0
645,435,134,142,471,0
646,435,134,142,471,0
647,435,134,142,471,0
648,435,134,142,471,0
649,435,134,142,471,0
650,435,134,142,471,0
651,435,134,143,471,0
652,435,134,143,471,0
653,435,134,143,471,0
654,435,134,143,471,0
655,435,134,143,471,0
656,435,134,143,471,0
657,435,134,143,471,0
658,436,135,143,471,0
659,437,134,142,471,0
660,438,134,142,471,0
661,439,134,142,471,0
662,440,134,142,471,0
663,441,134,141,471,0
664,442,134,141,471,0
665,443,134,141,471,0
666,444,134,141,471,0
667,446,133,139,471,0
668,447,133,139,471,0
669,448,133,139,471,0
670,449,133,139,471,0
671,450,133,139,471,0
672,451,133,138,471,0
673,452,133,138,471,0
674,453,133,138,471,0
675,454,133,138,471,0
676,456,132,136,471,0
677,457,132,136,471,0
678,458,132,136,471,0
679,459,132,136,471,0
680,460,132,135,471,0
681,461,132,135,471,0
682,462,132,135,471,0
683,463,132,135,471,0
684,464,132,135,471,0
685,466,131,133,471,0
686,467,131,133,471,0
687,468,131,133,471,0
688,469,131,133,471,0
689,470,131,132,471,0
690,471,131,132,471,0
691,472,131,132,471,0
692,473,131,132,471,0
693,475,131,131,471,0
694,476,131,131,470,0
695,477,131,131,470,0
696,478,131,131,470,0
697,479,131,131,470,0
698,480,131,131,470,0
699,481,131,131,469,0
700,482,132,131,468,0
701,483,132,131,468,0
702,484,132,131,468,0
703,486,132,130,468,0
704,487,132,130,468,0
705,488,132,130,467,0
706,489,132,130,467,0
707,490,133,131,466,0
708,491,133,131,466,0
709,492,133,131,466,0
710,493,133,131,466,0
711,494,133,131,465,0
712,495,133,131,465,0
713,497,134,130,464,0
714,498,134,130,464,0
715,499,134,130,464,0
716,500,134,130,463,0
717,501,134,130,463,0
718,502,134,130,463,0
719,503,134,130,463,0
720,504,135,131,462,0
721,505,135,131,462,0
722,506,135,131,461,0
723,508,135,130,461,0
724,509,135,130,461,0
725,510,135,130,461,0
726,511,135,130,461,0
727,512,136,130,460,0
728,513,136,130,459,0
729,514,136,130,459,0
730,515,136,130,459,0
731,516,136,130,459,0
732,517,136,130,459,0
733,519,137,130,458,0
734,518,137,130,458,0
735,517,137,130,459,0
736,516,137,130,459,0
737,515,137,130,460,0
738,514,138,130,460,0
739,514,138,130,460,0
740,513,138,130,461,0
741,512,138,130,462,0
742,511,139,130,461,0
743,510,139,130,462,0
744,509,139,130,463,0
745,509,139,130,463,0
746,508,140,130,463,0
747,507,140,130,463,0
748,506,140,130,464,0
749,505,140,130,465,0
750,505,140,130,465,0
751,504,141,130,465,0
752,503,141,130,466,0
753,502,141,130,466,0
754,501,141,130,467,0
755,500,142,130,467,0
756,500,142,130,467,0
757,499,142,130,468,0
758,498,142,130,469,0
759,497,143,130,468,0
760,496,143,130,469,0
761,496,143,130,469,0
762,495,143,130,470,0
763,494,143,130,471,0
764,493,144,130,470,0
765,492,144,130,471,0
766,491,144,130,472,0
767,491,144,130,472,0
768,490,145,130,472,0
769,489,145,130,473,0
770,488,145,130,473,0
771,487,145,130,474,0
772,487,146,130,474,0
773,485,146,130,474,0
774,483,146,130,474,0
775,482,146,130,474,0
776,480,146,130,474,0
777,479,146,130,474,0
778,477,146,130,474,0
779,476,146,130,474,0
780,474,146,130,474,0
781,472,146,131,474,0
782,471,146,130,474,0
783,469,146,131,474,0
784,468,146,130,474,0
785,466,146,130,474,0
786,465,146,130,474,0
787,463,146,130,474,0
788,461,146,131,474,0
789,460,146,130,474,0
790,458,147,131,474,0
791,457,147,130,474,0
792,455,147,131,474,0
793,454,147,130,474,0
794,452,147,131,474,0
795,450,147,131,474,0
796,449,147,130,474,0
797,447,147,131,474,0
798,446,147,130,474,0
799,444,147,131,474,0
800,443,147,130,474,0
801,441,147,131,474,0
802,439,147,131,474,0
803,438,147,131,474,0
804,436,147,131,474,0
805,435,147,131,474,0
806,433,147,131,474,0
807,432,148,131,474,0
808,431,148,132,474,0
809,431,148,132,474,0
810,431,149,132,473,0
811,431,149,132,474,0
812,430,149,133,474,0
813,430,150,133,473,0
814,430,150,133,474,0
815,430,150,133,474,0
816,429,151,135,473,0
817,429,151,135,474,0
818,429,152,135,473,0
819,429,152,135,473,0
820,428,152,136,473,0
821,428,153,136,473,0
822,428,153,136,473,0
823,428,153,136,473,0
824,427,154,138,473,0
825,427,154,138,473,0
826,427,154,138,473,0
827,427,155,138,473,0
828,426,155,139,473,0
829,426,156,139,472,0
830,426,156,139,472,0
831,426,156,139,473,0
832,425,157,141,472,0
833,425,157,141,472,0
834,425,157,141,473,0
835,425,158,141,472,0
836,424,158,142,472,0
837,424,158,142,473,0
838,424,159,142,472,0
839,424,159,142,472,0
840,424,160,143,472,0
841,425,161,143,471,0
842,427,162,143,470,0
843,428,163,143,469,0
844,430,165,143,467,0
845,431,166,143,467,0
846,433,167,143,466,0
847,434,169,143,464,0
848,436,170,143,463,0
849,438,171,143,463,0
850,439,172,143,462,0
851,441,174,143,460,0
852,442,175,143,459,0
853,444,176,143,458,0
854,445,178,143,457,0
855,447,179,143,456,0
856,448,180,143,455,0
857,450,182,143,453,0
858,452,183,143,453,0
859,453,184,143,452,0
860,455,185,143,451,0
861,456,187,143,449,0
862,458,188,143,448,0
863,459,189,143,448,0
864,461,191,143,446,0
865,462,192,143,445,0
866,464,193,143,444,0
867,466,195,143,443,0
868,465,196,143,441,0
869,465,198,143,438,0
870,465,200,143,436,0
871,465,201,143,434,0
872,465,203,142,431,0
873,464,205,143,429,0
874,464,206,143,427,0
875,464,208,143,425,0
876,464,210,142,422,0
877,464,211,142,420,0
878,463,213,143,418,0
879,463,215,143,415,0
880,463,216,142,413,0
881,463,218,142,411,0
882,463,220,142,408,0
883,462,221,143,407,0
884,462,223,142,404,0
885,462,225,142,401,0
886,462,226,142,400,0
887,462,228,142,397,0
888,462,230,142,395,0
889,464,228,142,395,0
890,467,227,142,395,0
891,470,226,142,395,0
892,472,225,143,395,0
893,475,224,142,395,0
894,478,222,142,396,0
895,481,221,142,396,0
896,483,220,143,395,0
897,486,219,142,395,0
898,489,218,142,395,0
899,491,216,143,396,0
900,494,215,143,396,0
901,497,214,142,396,0
902,500,213,142,396,0
903,502,212,143,395,0
904,505,210,143,396,0
905,508,209,142,396,0
906,510,208,143,396,0
907,513,207,143,396,0
908,516,206,143,396,0
909,519,205,143,396,0
910,522,205,143,395,0
911,526,206,142,394,0
912,529,207,143,393,0
913,533,208,142,392,0
914,536,209,143,391,0
915,540,210,142,390,0
916,543,210,143,390,0
917,547,211,142,389,0
918,550,212,143,388,0
919,554,213,142,387,0
920,557,214,142,386,0
921,561,215,142,385,0
922,564,216,142,384,0
923,568,216,142,384,0
924,571,217,142,383,0
925,575,218,142,382,0
926,578,219,142,381,0
927,582,220,142,380,0
928,585,221,142,379,0
929,589,222,142,378,0
930,591,223,142,377,0
931,593,224,142,376,0
932,595,225,142,376,0
933,597,227,142,374,0
934,600,228,141,374,0
935,602,229,141,373,0
936,604,231,141,371,0
937,606,232,141,371,0
938,608,233,141,370,0
939,611,235,141,369,0
940,613,236,141,368,0
941,615,237,141,367,0
942,617,238,141,367,0
943,619,240,141,365,0
944,622,241,140,365,0
945,624,242,140,364,0
946,626,244,140,362,0
947,628,245,140,362,0
948,630,246,140,361,0
949,633,248,140,360,0
950,638,250,140,358,0
951,643,252,140,356,0
952,648,255,140,353,0
953,653,257,140,351,0
954,659,260,139,348,0
955,664,262,140,346,0
956,669,264,140,344,0
957,674,267,140,341,0
958,680,269,139,339,0
959,685,272,139,336,0
960,690,274,140,334,0
961,695,276,140,332,0
962,700,279,140,329,0
963,706,281,139,327,0
964,711,284,139,324,0
965,716,286,139,322,0
966,721,288,140,320,0
967,727,291,139,317,0
968,732,293,139,315,0
969,737,296,139,312,0
970,742,298,139,310,0
971,748,301,139,308,0
972,752,302,139,307,0
973,757,304,139,305,0
974,762,305,139,305,0
975,767,307,139,303,0
976,772,308,139,303,0
977,777,310,139,301,0
978,782,311,139,301,0
979,787,313,139,299,0
980,792,315,138,297,0
981,797,316,138,297,0
982,802,318,138,295,0
983,807,319,138,295,0
984,812,321,138,293,0
985,817,322,138,293,0
986,822,324,138,291,0
987,827,326,138,290,0
988,836,328,137,286,0
989,845,331,137,281,0
990,854,333,137,277,0
991,863,336,137,272,0
992,872,338,136,268,0
993,881,341,136,264,0
994,890,343,136,260,0
995,899,346,136,255,0
996,908,348,135,251,0
997,917,351,135,246,0
998,926,353,135,242,0
999,935,356,135,238,0
1000,936,356,134,237,0
1001,937,357,133,236,0
1002,938,358,132,235,0
1003,939,358,132,235,0
1004,941,359,130,234,0
1005,942,360,129,233,0
1006,943,360,129,232,0
1007,944,361,128,231,0
1008,946,362,126,230,0
1009,947,362,126,230,0
1010,948,363,125,229,0
1011,949,364,124,228,0
1012,951,365,123,227,0
1013,947,368,123,222,0
1014,943,371,124,218,0
1015,939,374,125,214,0
1016,935,377,126,210,0
1017,931,380,127,205,0
1018,927,383,128,201,0
1019,924,386,127,197,0
1020,920,389,128,193,0
1021,916,392,129,188,0
1022,912,395,130,184,0
1023,908,398,131,180,0
1024,904,401,132,176,0
1025,901,405,132,171,0
1026,901,405,133,170,0
1027,902,406,133,168,0
1028,903,406,134,167,0
1029,904,407,134,165,0
1030,905,408,134,164,0
1031,906,408,135,163,0
1032,907,409,135,161,0
1033,908,409,135,160,0
1034,909,410,136,158,0
1035,910,411,136,157,0
1036,911,411,136,156,0
1037,912,412,137,154,0
1038,913,412,137,153,0
1039,914,413,137,151,0
1040,915,414,138,150,0
1041,915,416,138,150,0
1042,915,418,138,150,0
1043,916,420,138,150,0
1044,916,422,138,151,0
1045,916,424,138,151,0
1046,917,427,138,150,0
1047,917,429,138,151,0
1048,918,431,138,151,0
1049,918,433,138,151,0
1050,918,435,138,152,0
1051,919,438,138,151,0
1052,919,440,138,151,0
1053,919,442,138,152,0
1054,920,444,138,152,0
1055,920,446,138,152,0
1056,921,449,138,152,0
1057,916,448,138,154,0
1058,911,447,138,156,0
1059,906,447,139,158,0
1060,902,446,138,160,0
1061,897,445,138,163,0
1062,892,445,139,164,0
1063,888,444,138,167,0
1064,883,444,139,168,0
1065,878,443,139,171,0
1066,874,442,138,173,0
1067,869,442,139,175,0
1068,864,441,139,177,0
1069,860,441,139,179,0
1070,856,438,137,178,0
1071,853,436,135,177,0
1072,849,434,134,175,0
1073,846,432,132,174,0
1074,843,429,130,174,0
1075,839,427,129,172,0
1076,836,425,127,171,0
1077,833,423,125,170,0
1078,829,420,124,169,0
1079,826,418,122,168,0
1080,823,416,120,167,0
1081,819,414,119,165,0
1082,816,411,117,165,0
1083,813,409,115,164,0
1084,809,407,114,162,0
1085,806,405,112,161,0
1086,803,403,110,160,0
1087,799,402,110,161,0
1088,795,402,111,161,0
1089,791,402,111,161,0
1090,788,402,111,162,0
1091,784,394,111,165,0
1092,781,386,111,169,0
1093,778,378,111,173,0
1094,775,370,110,176,0
1095,772,362,110,180,0
1096,769,355,110,183,0
1097,775,343,109,187,0
1098,781,331,109,191,0
1099,787,320,109,194,0
1100,793,308,108,198,0
1101,799,296,108,202,0
1102,806,285,107,206,0
1103,812,278,107,205,0
1104,819,271,107,205,0
1105,826,264,106,204,0
1106,833,258,106,203,0
1107,840,252,106,205,0
1108,847,247,106,206,0
1109,854,241,106,208,0
1110,861,236,106,209,0
1111,868,230,106,211,0
1112,875,225,106,213,0
1113,882,219,106,215,0
1114,889,214,106,216,0
1115,896,208,106,218,0
1116,903,203,106,219,0
1117,910,197,106,221,0
1118,917,192,106,223,0
1119,923,189,112,223,0
1120,929,186,118,223,0
1121,936,183,123,223,0
1122,942,181,129,223,0
1123,949,178,134,223,0
1124,955,175,140,223,0
1125,961,173,146,223,0
1126,968,170,151,223,0
1127,974,167,157,223,0
1128,981,165,163,223,0
1129,982,164,163,226,0
1130,984,163,163,229,0
1131,985,162,163,232,0
1132,987,161,163,235,0
1133,989,160,163,238,0
1134,990,159,163,241,0
1135,992,158,163,244,0
1136,994,157,163,247,0
1137,995,156,163,250,0
1138,997,155,163,253,0
1139,999,155,163,256,0
1140,994,158,163,256,0
1141,990,162,163,256,0
1142,986,166,163,256,0
1143,982,170,163,256,0
1144,977,173,163,256,0
1145,973,177,163,256,0
1146,969,181,163,256,0
1147,965,185,163,256,0
1148,960,188,163,256,0
1149,956,192,163,256,0
1150,952,196,163,256,0
1151,948,200,163,256,0
1152,944,201,163,259,0
1153,941,202,163,262,0
1154,938,203,162,265,0
1155,934,205,163,267,0
1156,931,206,163,270,0
1157,928,207,162,273,0
1158,924,209,163,275,0
1159,921,210,162,278,0
1160,918,211,162,281,0
1161,914,213,163,283,0
1162,911,214,162,286,0
1163,908,215,162,289,0
1164,905,217,162,292,0
1165,898,219,162,292,0
1166,892,222,162,292,0
1167,886,225,162,292,0
1168,879,227,162,292,0
1169,873,230,162,292,0
1170,867,233,162,292,0
1171,861,236,162,292,0
1172,854,238,162,292,0
1173,848,241,162,292,0
1174,842,244,162,292,0
1175,836,247,162,292,0
1176,829,249,162,292,0
1177,823,252,162,292,0
1178,817,255,162,292,0
1179,811,258,162,292,0
1180,807,255,162,292,0
1181,803,252,162,292,0
1182,799,249,162,292,0
1183,795,246,162,292,0
1184,791,243,162,292,0
1185,787,241,162,292,0
1186,783,238,162,292,0
1187,779,235,162,292,0
1188,775,232,162,292,0
1189,771,229,162,292,0
1190,767,227,162,292,0
1191,761,225,163,295,0
1192,755,224,164,298,0
1193,750,223,164,301,0
1194,744,221,165,305,0
1195,738,220,166,308,0
1196,733,219,166,311,0
1197,727,217,167,315,0
1198,721,216,168,318,0
1199,716,215,168,321,0
1200,710,213,169,325,0
1201,704,212,170,328,0
1202,699,211,171,331,0
1203,695,210,174,331,0
1204,692,210,176,331,0
1205,689,210,178,330,0
1206,686,209,180,331,0
1207,683,209,182,331,0
1208,680,209,185,330,0
1209,677,209,187,330,0
1210,674,208,189,331,0
1211,671,208,191,330,0
1212,668,208,193,330,0
1213,665,208,196,330,0
1214,656,213,196,327,0
1215,648,219,196,323,0
1216,640,224,196,320,0
1217,632,230,196,316,0
1218,624,236,196,312,0
1219,616,241,195,309,0
1220,608,247,195,305,0
1221,600,253,195,301,0
1222,592,258,195,298,0
1223,584,264,195,294,0
1224,576,270,195,290,0
1225,567,273,191,286,0
1226,559,277,186,281,0
1227,551,280,182,277,0
1228,543,284,177,272,0
1229,535,288,173,268,0
1230,527,291,168,264,0
1231,519,295,163,259,0
1232,511,298,159,255,0
1233,503,302,154,250,0
1234,495,306,150,246,0
1235,510,294,150,246,0
1236,525,283,150,246,0
1237,540,271,150,246,0
1238,555,260,150,246,0
1239,570,249,150,246,0
1240,585,237,150,246,0
1241,600,226,150,246,0
1242,615,214,150,246,0
1243,630,203,150,246,0
1244,645,192,151,246,0
1245,666,188,151,241,0
1246,688,185,151,236,0
1247,707,190,147,233,0
1248,727,196,142,230,0
1249,747,202,138,226,0
1250,767,208,133,223,0
1251,787,213,128,221,0
1252,807,219,124,217,0
1253,827,225,119,214,0
1254,847,231,115,211,0
1255,860,241,115,212,0
1256,874,251,115,214,0
1257,888,261,114,216,0
1258,901,271,115,218,0
1259,915,281,114,220,0
1260,929,291,114,222,0
1261,943,301,114,224,0
1262,946,310,120,218,0
1263,950,320,125,211,0
1264,954,330,131,204,0
1265,958,340,136,197,0
1266,962,350,141,190,0
1267,966,360,147,183,0
1268,970,370,152,176,0
1269,974,380,158,170,0
1270,975,379,156,172,0
1271,976,378,154,174,0
1272,978,377,151,176,0
1273,979,376,149,178,0
1274,980,375,147,180,0
1275,982,374,144,182,0
1276,983,373,142,184,0
1277,984,372,140,186,0
1278,986,372,138,188,0
1279,982,369,138,190,0
1280,979,366,138,192,0
1281,976,363,138,194,0
1282,972,361,138,195,0
1283,969,358,138,197,0
1284,966,355,138,199,0
1285,963,353,138,200,0
1286,959,354,138,199,0
1287,956,356,138,198,0
1288,952,357,138,198,0
1289,949,359,138,197,0
1290,945,360,138,197,0
1291,942,362,138,196,0
1292,938,363,138,196,0
1293,935,365,138,195,0
1294,934,366,136,196,0
1295,934,368,134,197,0
1296,933,370,133,198,0
1297,933,372,131,198,0
1298,932,373,130,200,0
1299,932,375,128,201,0
1300,932,377,126,201,0
1301,931,379,125,202,0
1302,931,380,123,204,0
1303,930,382,122,204,0
1304,930,384,120,205,0
1305,930,386,118,206,0
1306,931,387,118,207,0
1307,932,389,119,208,0
1308,933,391,119,208,0
1309,934,393,120,209,0
1310,935,395,121,209,0
1311,936,396,121,211,0
1312,937,398,122,211,0
1313,938,400,123,212,0
1314,939,402,123,212,0
1315,940,404,124,213,0
1316,942,406,124,214,0
1317,940,409,124,212,0
1318,938,412,124,210,0
1319,936,415,124,208,0
1320,934,418,124,207,0
1321,933,421,123,205,0
1322,931,424,123,203,0
1323,929,427,123,202,0
1324,927,430,123,200,0
1325,925,433,123,198,0
1326,924,437,123,196,0
1327,922,427,123,202,0
1328,920,417,123,208,0
1329,918,407,123,215,0
1330,917,397,122,221,0
1331,915,387,123,228,0
1332,913,377,123,234,0
1333,912,367,122,240,0
1334,910,357,122,247,0
1335,908,347,122,253,0
1336,907,338,122,259,0
1337,906,337,135,258,0
1338,902,332,139,253,0
1339,899,327,143,249,0
1340,896,322,147,245,0
1341,892,317,151,240,0
1342,889,312,155,236,0
1343,886,307,159,232,0
1344,883,303,163,227,0
1345,880,308,164,230,0
1346,877,313,165,234,0
1347,875,318,165,238,0
1348,872,323,166,241,0
1349,869,328,168,245,0
1350,867,333,168,249,0
1351,864,338,169,252,0
1352,861,343,170,256,0
1353,859,349,171,259,0
1354,859,347,169,262,0
1355,860,345,166,265,0
1356,861,344,164,268,0
1357,862,342,161,271,0
1358,863,340,159,275,0
1359,864,339,156,277,0
1360,865,337,154,281,0
1361,866,335,151,284,0
1362,867,334,148,286,0
1363,868,332,146,290,0
1364,869,330,143,293,0
1365,870,329,141,296,0
1366,871,327,138,299,0
1367,872,326,136,302,0
1368,874,322,136,299,0
1369,877,319,136,295,0
1370,880,315,136,292,0
1371,883,312,135,288,0
1372,886,308,135,285,0
1373,889,305,135,281,0
1374,892,302,135,278,0
1375,891,302,138,280,0
1376,890,302,141,283,0
1377,890,302,143,286,0
1378,889,303,146,288,0
1379,889,303,149,291,0
1380,888,303,152,293,0
1381,887,304,155,295,0
1382,887,304,157,298,0
1383,886,304,160,301,0
1384,886,305,163,303,0
1385,877,309,163,303,0
1386,869,313,163,303,0
1387,861,317,163,303,0
1388,853,321,163,303,0
1389,845,325,163,303,0
1390,837,329,163,303,0
1391,829,333,163,303,0
1392,821,337,163,303,0
1393,813,342,163,303,0
1394,806,339,162,302,0
1395,800,337,161,300,0
1396,794,335,160,298,0
1397,788,333,159,297,0
1398,781,331,158,295,0
1399,775,329,157,293,0
1400,769,327,156,291,0
1401,763,325,155,290,0
1402,756,323,154,288,0
1403,750,321,153,286,0
1404,744,319,152,284,0
1405,738,317,151,283,0
1406,726,320,149,282,0
1407,715,324,147,280,0
1408,704,327,145,280,0
1409,692,331,144,278,0
1410,681,334,142,278,0
1411,670,338,139,276,0
1412,659,341,137,276,0
1413,647,345,136,274,0
1414,636,348,134,274,0
1415,625,352,132,272,0
1416,614,356,130,271,0
1417,607,347,130,269,0
1418,600,339,130,267,0
1419,594,330,130,266,0
1420,587,322,130,263,0
1421,581,313,130,262,0
1422,574,305,130,260,0
1423,568,296,130,258,0
1424,561,288,130,256,0
1425,555,279,130,255,0
1426,548,271,130,252,0
1427,542,262,130,251,0
1428,535,254,130,249,0
1429,529,246,130,247,0
1430,528,238,130,244,0
1431,527,230,130,241,0
1432,526,223,130,238,0
1433,525,215,130,235,0
1434,524,207,130,232,0
1435,523,200,130,229,0
1436,522,192,130,226,0
1437,522,185,130,223,0
1438,523,189,128,219,0
1439,524,193,127,215,0
1440,525,197,126,211,0
1441,527,201,124,208,0
1442,528,205,122,204,0
1443,529,209,121,200,0
1444,531,213,119,197,0
1445,532,217,118,193,0
1446,533,221,116,189,0
1447,535,225,114,186,0
1448,536,229,113,182,0
1449,537,233,112,178,0
1450,539,237,110,175,0
1451,542,250,108,174,0
1452,546,264,106,172,0
1453,550,277,103,171,0
1454,554,291,101,169,0
1455,558,305,99,167,0
1456,558,321,98,162,0
1457,558,338,98,156,0
1458,558,355,98,150,0
1459,558,372,98,144,0
1460,556,392,98,144,0
1461,554,412,99,144,0
1462,553,433,99,144,1
1463,553,449,99,144,1
1464,553,465,99,144,1
1465,553,481,99,144,1
1466,553,489,99,144,1
1467,553,497,99,144,1
1468,553,505,99,144,1
1469,554,514,99,143,0
1470,558,511,99,150,0
1471,556,512,99,157,0
1472,554,513,99,164,0
1473,553,515,98,170,0
1474,551,516,99,177,0
1475,550,518,98,183,0
1476,548,519,98,190,0
1477,547,521,98,196,0
1478,546,525,98,192,0
1479,545,530,98,187,0
1480,544,535,98,182,0
1481,543,540,98,177,0
1482,542,545,98,172,0
1483,541,550,99,168,0
1484,540,555,99,163,0
1485,539,560,99,158,0
1486,538,565,99,153,0
1487,537,570,99,148,0
1488,536,575,99,143,0
1489,536,580,99,139,0
1490,531,581,99,138,0
1491,527,582,99,137,0
1492,523,584,99,135,0
1493,522,575,99,143,0
1494,522,567,98,151,0
1495,521,558,99,159,0
1496,521,550,98,167,0
1497,520,541,98,175,0
1498,520,533,98,183,0
1499,519,516,98,173,0
1500,519,500,98,162,0
1501,518,484,99,151,0
1502,518,468,99,140,0
1503,521,448,99,137,0
1504,524,429,99,133,0
1505,527,410,99,129,0
1506,530,390,99,127,0
1507,533,371,99,123,0
1508,536,352,99,119,0
1509,539,333,99,116,0
1510,542,321,99,114,0
1511,546,310,99,112,0
1512,550,298,99,111,0
1513,554,287,99,108,0
1514,558,275,99,107,0
1515,562,264,99,105,0
1516,566,252,99,103,0
1517,570,241,99,101,0
1518,574,230,99,99,0
1519,576,220,99,107,0
1520,579,211,98,114,0
1521,581,202,99,121,0
1522,584,192,98,129,0
1523,586,183,99,136,0
1524,589,174,98,143,0
1525,591,164,99,151,0
1526,594,155,98,158,0
1527,597,146,98,166,0
1528,600,153,98,163,0
1529,603,161,98,160,0
1530,606,168,98,157,0
1531,610,176,98,154,0
1532,613,183,98,151,0
1533,616,191,98,148,0
1534,619,198,98,145,0
1535,623,206,98,142,0
1536,626,220,98,139,0
1537,629,235,98,136,0
1538,632,250,98,133,0
1539,635,265,98,130,0
1540,638,279,98,128,0
1541,641,294,98,125,0
1542,644,309,98,122,0
1543,647,324,98,119,0
1544,650,339,98,116,0
1545,654,355,97,119,0
1546,659,372,96,121,0
1547,664,389,94,123,0
1548,668,405,94,126,0
1549,673,422,92,128,0
1550,678,439,91,131,0
1551,679,457,91,131,0
1552,680,476,91,131,0
1553,681,494,91,131,0
1554,682,513,91,131,0
1555,683,531,91,131,0
1556,685,550,91,131,0
1557,681,549,90,133,0
1558,678,548,89,135,0
1559,674,548,89,137,0
1560,671,547,87,139,0
1561,667,547,87,141,0
1562,664,546,86,143,0
1563,661,545,84,145,0
1564,657,545,84,147,0
1565,654,544,83,149,0
1566,650,544,82,151,0
1567,647,543,81,153,0
1568,644,543,80,155,0
1569,640,535,79,155,0
1570,636,528,79,155,0
1571,632,521,79,155,0
1572,628,514,79,155,0
1573,624,507,79,154,0
1574,620,500,79,154,0
1575,616,493,79,154,0
1576,613,486,78,154,0
1577,607,476,78,150,0
1578,601,466,78,146,0
1579,595,456,78,143,0
1580,589,446,79,139,0
1581,583,436,79,136,0
1582,577,426,79,132,0
1583,572,417,79,128,0
1584,567,413,78,124,0
1585,562,410,77,120,0
1586,558,407,75,115,0
1587,553,403,75,112,0
1588,549,400,73,107,0
1589,544,397,72,103,0
1590,540,394,71,99,0
1591,535,397,71,101,0
1592,530,400,71,103,0
1593,525,403,71,105,0
1594,521,406,70,107,0
1595,516,409,71,109,0
1596,511,412,71,111,0
1597,507,415,70,113,0
1598,502,418,70,115,0
1599,497,421,70,117,0
1600,493,424,70,120,0
1601,488,430,70,120,0
1602,484,436,70,120,0
1603,480,443,70,120,0
1604,475,449,70,120,0
1605,471,455,70,120,0
1606,467,462,70,120,0
1607,460,462,70,122,0
1608,453,463,70,123,0
1609,447,463,70,125,0
1610,440,464,70,127,0
1611,433,464,70,129,0
1612,427,465,70,130,0
1613,420,465,70,132,0
1614,413,466,70,134,0
1615,407,466,70,136,0
1616,400,467,70,137,0
1617,394,468,70,139,0
1618,390,455,72,139,0
1619,387,443,73,139,0
1620,383,430,75,139,0
1621,380,418,77,139,0
1622,376,406,79,139,0
1623,373,393,80,139,0
1624,369,381,82,139,0
1625,366,369,84,139,0
1626,369,350,84,137,0
1627,372,332,84,134,0
1628,376,314,83,132,0
1629,379,296,84,129,0
1630,383,278,83,127,0
1631,386,260,83,124,0
1632,390,242,83,122,0
1633,391,225,82,122,0
1634,392,208,82,123,0
1635,393,191,82,124,0
1636,394,174,82,125,0
1637,395,157,82,126,0
1638,396,140,82,127,0
1639,397,124,82,127,0
1640,400,112,83,129,0
1641,404,101,83,130,0
1642,408,90,83,131,0
1643,412,79,83,133,0
1644,416,67,83,135,0
1645,420,56,83,136,0
1646,424,45,83,137,0
1647,428,34,83,139,0
1648,427,30,85,140,0
1649,427,27,86,141,0
1650,427,23,87,143,0
1651,427,20,88,144,0
1652,426,16,90,146,0
1653,426,13,91,147,0
1654,426,9,92,149,0
1655,426,6,93,150,0
1656,426,3,95,151,0
1657,436,8,95,151,0
1658,439,17,95,149,0
1659,442,27,95,147,0
1660,445,36,95,146,0
1661,448,46,95,144,0
1662,451,56,95,141,0
1663,454,65,95,140,0
1664,457,75,95,138,0
1665,461,85,95,136,0
1666,467,102,94,134,0
1667,474,120,92,132,0
1668,480,138,92,130,0
1669,487,156,90,128,0
1670,493,174,89,125,0
1671,500,192,88,123,0
1672,506,210,87,121,0
1673,513,228,86,119,0
1674,517,251,85,119,0
1675,522,275,84,119,0
1676,523,296,85,119,0
1677,525,318,85,119,0
1678,539,335,86,119,1
1679,538,334,86,120,1
1680,537,334,86,120,1
1681,537,334,86,120,1
1682,537,334,86,120,1
1683,537,334,86,120,1
1684,537,334,86,120,1
1685,537,334,86,120,1
1686,537,334,86,120,1
1687,537,334,86,120,1
1688,537,334,86,120,1
1689,537,334,86,120,1
1690,537,334,86,121,1
1691,537,334,86,121,1
1692,537,334,86,121,1
1693,537,334,86,121,1
1694,537,334,86,121,1
1695,536,334,86,121,1
1696,536,334,86,121,1
1697,536,334,86,121,1
1698,536,334,86,121,1
1699,536,334,86,121,1
1700,536,334,86,122,1
1701,536,334,86,122,1
1702,536,334,86,122,1
1703,536,334,86,122,1
1704,536,334,86,122,1
1705,536,334,86,122,1
1706,536,334,86,122,1
1707,536,334,86,122,1
1708,536,334,86,122,1
1709,536,334,86,122,1
1710,536,334,86,123,1
1711,578,343,84,122,1
1712,620,353,83,121,1
1713,662,363,82,120,1
1714,704,373,80,119,1
1715,746,383,79,118,1
1716,788,393,78,116,1
1717,830,403,76,115,1
1718,872,413,75,114,1
1719,914,423,74,113,1
1720,957,433,72,112,0
1721,962,431,73,115,0
1722,967,429,75,118,0
1723,973,428,76,120,0
1724,978,426,78,123,0
1725,984,425,79,126,0
1726,985,425,80,124,0
1727,986,425,81,122,0
1728,987,426,82,119,0
1729,988,426,83,117,0
1730,989,426,84,116,0
1731,990,427,85,113,0
1732,991,427,86,111,0
1733,992,427,87,109,0
1734,993,428,88,107,0
1735,990,430,90,106,0
1736,987,433,92,104,0
1737,984,435,94,103,0
1738,981,438,96,102,0
1739,979,441,97,100,0
1740,976,443,99,99,0
1741,973,446,101,98,0
1742,970,448,103,97,0
1743,967,451,105,95,0
1744,965,454,106,94,0
1745,954,455,104,92,0
1746,944,457,101,90,0
1747,934,458,99,88,0
1748,923,460,97,86,0
1749,913,462,95,84,0
1750,903,463,92,82,0
1751,892,465,90,80,0
1752,882,466,88,78,0
1753,872,468,85,76,0
1754,862,470,83,74,0
1755,847,471,83,74,0
1756,833,472,83,74,0
1757,818,473,83,75,0
1758,804,475,83,74,0
1759,790,476,83,75,0
1760,775,477,83,75,0
1761,761,479,83,74,0
1762,746,480,83,75,0
1763,732,481,83,75,0
1764,718,483,83,75,0
1765,706,482,83,76,0
1766,694,481,83,77,0
1767,683,480,83,78,0
1768,671,480,83,78,0
1769,660,479,83,79,0
1770,648,478,83,80,0
1771,636,478,83,80,0
1772,625,477,83,81,0
1773,613,476,83,82,0
1774,602,476,83,83,0
1775,592,476,83,83,0
1776,583,477,83,83,0
1777,574,478,83,83,0
1778,564,478,83,84,0
1779,555,479,83,84,0
1780,546,480,83,84,0
1781,540,470,84,94,0
1782,534,460,85,105,0
1783,528,450,86,115,0
1784,522,441,87,125,0
1785,516,431,88,135,0
1786,510,421,89,146,0
1787,504,411,90,156,0
1788,499,402,91,166,0
1789,497,387,89,163,0
1790,496,373,86,160,0
1791,494,359,85,157,0
1792,493,345,82,154,0
1793,492,331,80,151,0
1794,488,319,81,149,0
1795,484,308,82,147,0
1796,480,297,83,145,0
1797,476,285,84,143,0
1798,472,274,85,141,0
1799,468,263,87,139,0
1800,471,252,88,142,0
1801,474,241,90,146,0
1802,477,231,92,149,0
1803,481,220,93,153,0
1804,484,210,95,156,0
1805,487,199,97,160,0
1806,491,189,98,163,0
1807,497,179,98,162,0
1808,504,169,97,161,0
1809,511,160,97,159,0
1810,517,150,97,158,0
1811,524,141,97,156,0
1812,531,131,96,155,0
1813,538,122,96,154,0
1814,540,117,96,152,0
1815,542,113,96,149,0
1816,544,109,96,146,0
1817,546,104,96,144,0
1818,548,100,96,141,0
1819,550,96,96,138,0
1820,553,92,95,135,0
1821,554,98,95,137,0
1822,555,104,95,140,0
1823,556,110,95,143,0
1824,558,116,94,146,0
1825,559,122,94,149,0
1826,560,128,94,152,0
1827,561,134,94,155,0
1828,563,140,94,158,0
1829,562,155,96,160,0
1830,562,170,97,163,0
1831,562,185,99,165,0
1832,562,200,100,168,0
1833,562,215,101,170,0
1834,562,231,103,172,0
1835,561,250,108,172,0
1836,560,269,114,172,0
1837,560,288,119,173,0
1838,559,307,125,173,0
1839,558,326,131,173,0
1840,558,345,136,174,0
1841,556,353,136,174,0
1842,555,362,135,174,0
1843,554,371,134,174,0
1844,553,379,133,175,0
1845,552,388,132,175,0
1846,551,397,131,175,0
1847,550,406,131,175,0
1848,552,400,132,181,0
1849,554,395,134,186,0
1850,557,390,135,191,0
1851,559,385,137,197,0
1852,561,379,139,203,0
1853,564,374,140,208,0
1854,566,369,142,213,0
1855,569,364,143,219,0
1856,569,360,144,223,0
1857,569,357,145,227,0
1858,569,353,146,231,0
1859,569,350,147,235,0
1860,569,346,148,239,0
1861,569,343,149,243,0
1862,569,339,150,247,0
1863,569,336,152,251,0
1864,564,337,152,248,0
1865,559,339,153,244,0
1866,554,341,154,240,0
1867,549,343,155,236,0
1868,544,344,155,234,0
1869,539,346,156,230,0
1870,534,348,157,226,0
1871,529,350,158,222,0
1872,524,352,159,219,0
1873,519,355,158,222,0
1874,514,358,157,226,0
1875,509,361,156,229,0
1876,504,364,156,233,0
1877,499,367,155,236,0
1878,494,370,154,240,0
1879,489,373,154,243,0
1880,484,376,153,247,0
1881,479,379,152,250,0
1882,475,382,151,254,0
1883,474,365,152,259,0
1884,474,348,153,264,0
1885,474,331,153,269,0
1886,473,314,155,274,0
1887,473,297,156,279,0
1888,473,280,156,284,0
1889,472,264,158,289,0
1890,472,247,158,294,0
1891,472,230,159,299,0
1892,471,213,161,304,0
1893,471,196,161,309,0
1894,471,179,162,314,0
1895,471,163,163,319,0
1896,471,151,163,315,0
1897,472,139,163,311,0
1898,473,128,163,306,0
1899,474,116,163,302,0
1900,475,104,163,299,0
1901,476,93,163,294,0
1902,477,81,163,290,0
1903,478,69,163,286,0
1904,479,58,163,282,0
1905,480,55,163,283,0
1906,481,52,163,285,0
1907,482,49,163,287,0
1908,483,46,163,289,0
1909,484,43,163,291,0
1910,485,40,163,293,0
1911,486,37,163,295,0
1912,487,34,163,297,0
1913,489,31,163,299,0
1914,490,43,166,297,0
1915,491,55,170,296,0
1916,492,68,173,294,0
1917,493,80,177,293,0
1918,494,93,180,290,0
1919,495,105,184,289,0
1920,496,118,187,287,0
1921,497,130,191,286,0
1922,499,143,194,284,0
1923,501,168,190,288,0
1924,503,193,187,293,0
1925,505,218,184,298,0
1926,507,243,180,303,0
1927,509,268,177,308,0
1928,511,293,174,313,0
1929,513,318,171,318,0
1930,504,326,171,315,0
1931,496,334,171,312,0
1932,488,342,171,309,0
1933,480,350,171,306,0
1934,472,358,171,303,0
1935,464,367,171,300,0
1936,442,355,173,305,0
1937,420,343,175,311,0
1938,398,331,177,317,0
1939,376,320,180,321,0
1940,354,308,182,327,0
1941,332,296,184,333,0
1942,311,285,186,338,0
1943,290,285,184,338,0
1944,270,285,181,338,0
1945,249,285,180,339,0
1946,229,286,177,338,0
1947,209,286,174,338,0
1948,188,286,173,339,0
1949,168,286,170,339,0
1950,148,287,168,339,0
1951,143,283,167,338,0
1952,139,279,165,337,0
1953,135,275,163,336,0
1954,131,271,161,335,0
1955,126,267,160,334,0
1956,122,263,158,333,0
1957,118,259,156,332,0
1958,114,255,154,331,0
1959,110,251,152,331,0
1960,107,245,154,328,0
1961,105,239,156,325,0
1962,103,233,157,322,0
1963,100,228,160,318,0
1964,98,222,161,315,0
1965,96,216,163,313,0
1966,93,210,166,310,0
1967,91,205,167,306,0
1968,89,199,169,303,0
1969,86,193,171,300,0
1970,84,187,173,297,0
1971,82,182,175,294,0
1972,95,176,177,287,0
1973,109,170,178,281,0
1974,123,164,179,274,0
1975,137,158,180,268,0
1976,151,152,181,261,0
1977,165,146,182,255,0
1978,179,140,183,248,0
1979,193,134,184,242,0
1980,207,128,185,235,0
1981,221,123,186,228,0
1982,235,123,188,226,0
1983,250,124,189,223,0
1984,265,125,190,220,0
1985,280,126,191,217,0
1986,294,127,193,214,0
1987,309,128,194,211,0
1988,324,129,195,208,0
1989,339,130,196,205,0
1990,354,131,198,203,0
1991,364,130,195,205,0
1992,374,130,192,207,0
1993,384,129,189,209,0
1994,394,129,186,211,0
1995,404,128,183,214,0
1996,415,128,179,215,0
1997,425,127,176,218,0
1998,435,127,173,220,0
1999,445,126,170,222,0
2000,455,126,167,224,0
2001,466,126,164,226,0
2002,473,126,164,223,0
2003,481,126,163,221,0
2004,488,126,164,219,0
2005,496,126,163,217,0
2006,503,126,164,215,0
2007,511,126,163,213,0
2008,518,126,163,211,0
2009,526,126,163,209,0
2010,533,126,163,207,0
2011,541,127,163,204,0
2012,551,134,161,209,0
2013,561,141,160,214,0
2014,571,148,159,219,0
2015,582,155,157,224,0
2016,592,162,155,229,0
2017,602,169,154,234,0
2018,612,176,153,239,0
2019,623,184,151,244,0
2020,629,177,150,247,0
2021,635,171,150,249,0
2022,641,164,150,253,0
2023,647,158,150,255,0
2024,653,152,150,257,0
2025,659,145,150,261,0
2026,665,139,150,263,0
2027,671,133,150,266,0
2028,670,124,150,261,0
2029,670,115,150,257,0
2030,670,106,150,252,0
2031,670,97,150,248,0
2032,669,88,150,244,0
2033,669,79,150,239,0
2034,669,70,150,235,0
2035,669,61,150,231,0
2036,671,60,150,230,0
2037,674,60,149,228,0
2038,676,60,150,226,0
2039,679,60,149,225,0
2040,682,59,148,224,0
2041,684,59,149,222,0
2042,687,59,148,220,0
2043,690,59,148,219,0
2044,693,72,145,218,0
2045,696,86,143,217,0
2046,700,99,139,217,0
2047,703,113,137,216,0
2048,707,127,133,215,0
2049,710,140,131,215,0
2050,713,154,128,214,0
2051,717,167,125,214,0
2052,720,181,122,213,0
2053,724,195,119,212,0
2054,730,212,119,212,0
2055,736,229,119,212,0
2056,742,246,119,212,0
2057,749,264,119,212,0
2058,755,281,119,212,0
2059,761,298,119,212,0
2060,768,316,119,212,0
2061,774,309,118,214,0
2062,780,303,118,216,0
2063,786,297,117,217,0
2064,792,291,117,219,0
2065,798,285,117,221,0
2066,804,278,116,223,0
2067,810,272,116,225,0
2068,816,266,115,226,0
2069,822,260,115,228,0
2070,829,254,114,230,0
2071,824,238,115,228,0
2072,819,222,117,226,0
2073,814,206,119,224,0
2074,810,191,120,222,0
2075,805,175,121,220,0
2076,800,159,123,218,0
2077,795,143,125,216,0
2078,791,128,126,214,0
2079,787,121,126,212,0
2080,783,114,126,211,0
2081,780,108,125,208,0
2082,776,101,125,207,0
2083,772,94,125,206,0
2084,769,88,124,203,0
2085,765,81,124,202,0
2086,762,75,124,200,0
2087,760,79,124,197,0
2088,758,83,124,194,0
2089,756,87,124,191,0
2090,754,91,124,188,0
2091,752,95,124,186,0
2092,750,99,124,183,0
2093,748,103,124,180,0
2094,746,107,124,177,0
2095,744,111,124,174,0
2096,743,116,123,171,0
2097,741,131,125,172,0
2098,739,147,127,173,0
2099,737,163,130,173,0
2100,735,179,132,174,0
2101,733,194,134,176,0
2102,731,210,137,176,0
2103,729,226,139,177,0
2104,727,242,142,178,0
2105,728,260,141,178,0
2106,730,279,140,178,0
2107,732,298,139,178,0
2108,734,317,138,178,0
2109,736,336,137,178,0
2110,738,355,136,178,0
2111,740,374,135,178,0
2112,743,374,130,180,0
2113,747,374,125,182,0
2114,751,375,119,183,0
2115,755,375,114,185,0
2116,758,375,109,188,0
2117,762,376,104,189,0
2118,766,376,98,191,0
2119,770,376,93,193,0
2120,774,377,88,195,0
2121,775,373,87,194,0
2122,776,369,87,193,0
2123,777,366,87,191,0
2124,778,362,87,191,0
2125,779,358,86,190,0
2126,780,355,86,188,0
2127,781,351,86,187,0
2128,782,348,86,186,0
2129,777,342,86,185,0
2130,773,336,85,185,0
2131,768,330,85,184,0
2132,764,324,85,184,0
2133,759,319,85,182,0
2134,755,313,84,182,0
2135,750,307,85,181,0
2136,746,301,84,181,0
2137,741,295,84,180,0
2138,737,290,84,179,0
2139,730,285,84,179,0
2140,723,281,85,179,0
2141,716,277,86,179,0
2142,710,272,86,179,0
2143,703,268,87,179,0
2144,696,264,88,179,0
2145,689,260,89,179,0
2146,683,255,89,179,0
2147,676,251,90,179,0
2148,669,247,91,179,0
2149,663,243,91,179,0
2150,658,241,91,177,0
2151,653,239,92,175,0
2152,648,237,92,173,0
2153,643,236,93,170,0
2154,639,234,92,168,0
2155,634,232,93,166,0
2156,629,231,93,163,0
2157,624,229,94,161,0
2158,619,227,94,159,0
2159,615,225,94,157,0
2160,610,224,94,154,0
2161,605,222,95,152,0
2162,600,220,95,150,0
2163,596,219,95,147,0
2164,593,219,98,143,0
2165,590,219,101,139,0
2166,587,219,104,136,0
2167,584,219,107,132,0
2168,581,219,111,129,0
2169,578,219,114,125,0
2170,575,219,117,122,0
2171,572,219,120,118,0
2172,570,220,123,114,0
2173,573,220,123,113,0
2174,577,220,122,113,0
2175,580,221,122,112,0
2176,584,221,121,111,0
2177,587,222,122,110,0
2178,591,222,121,110,0
2179,594,222,121,109,0
2180,598,223,120,108,0
2181,601,223,120,108,0
2182,605,224,120,106,0
2183,608,224,120,106,0
2184,612,224,119,106,0
2185,615,225,119,104,0
2186,619,225,118,104,0
2187,623,226,118,103,0
2188,624,221,117,109,0
2189,625,217,116,114,0
2190,626,212,115,121,0
2191,627,208,114,126,0
2192,629,203,112,132,0
2193,630,199,111,138,0
2194,631,194,110,144,0
2195,632,190,109,150,0
2196,634,185,107,156,0
2197,635,181,106,161,0
2198,636,176,105,168,0
2199,637,172,104,173,0
2200,639,168,102,179,0
2201,631,162,102,182,0
2202,623,156,103,185,0
2203,615,150,104,189,0
2204,607,145,105,191,0
2205,599,139,106,194,0
2206,591,133,107,198,0
2207,583,128,108,200,0
2208,575,122,109,204,0
2209,567,116,110,207,0
2210,559,111,111,209,0
2211,551,105,112,213,0
2212,543,99,113,216,0
2213,535,94,114,219,0
2214,528,93,119,222,0
2215,521,93,124,224,0
2216,515,93,128,226,0
2217,508,92,133,230,0
2218,501,92,138,232,0
2219,495,92,142,234,0
2220,488,91,147,237,0
2221,482,91,151,240,0
2222,475,91,157,242,0
2223,468,90,162,245,0
2224,462,90,166,248,0
2225,455,90,171,250,0
2226,449,89,175,253,0
2227,442,89,180,255,0
2228,435,89,185,258,0
2229,429,88,189,261,0
2230,422,88,194,263,0
2231,416,88,199,266,0
2232,419,91,200,268,0
2233,423,94,201,270,0
2234,426,98,203,272,0
2235,430,101,204,274,0
2236,433,105,206,276,0
2237,437,108,207,278,0
2238,440,111,208,280,0
2239,444,115,209,282,0
2240,447,118,211,284,0
2241,451,122,212,286,0
2242,454,125,214,288,0
2243,458,129,215,290,0
2244,468,135,214,290,0
2245,479,141,213,290,0
2246,490,148,212,290,0
2247,501,154,211,290,0
2248,512,161,210,290,0
2249,523,167,209,290,0
2250,533,174,208,290,0
2251,544,180,207,290,0
2252,555,187,206,290,0
2253,566,193,205,290,0
2254,577,200,204,290,0
2255,588,206,203,290,0
2256,599,213,202,290,0
2257,616,223,200,288,0
2258,633,233,199,287,0
2259,651,243,196,286,0
2260,668,254,195,283,0
2261,686,264,193,282,0
2262,703,274,191,281,0
2263,720,285,190,278,0
2264,738,295,187,277,0
2265,755,305,186,276,0
2266,773,316,184,274,0
2267,786,323,183,272,0
2268,800,330,181,270,0
2269,814,337,180,268,0
2270,828,344,178,266,0
2271,841,352,178,263,0
2272,855,359,176,261,0
2273,869,366,175,259,0
2274,883,373,173,257,0
2275,896,381,173,254,0
2276,910,388,171,252,0
2277,924,395,170,250,0
2278,938,402,168,248,0
2279,952,410,167,246,0
2280,950,410,166,247,0
2281,948,411,166,247,0
2282,946,412,165,247,0
2283,944,413,165,247,0
2284,942,414,164,247,0
2285,941,415,163,248,0
2286,929,409,162,247,0
2287,917,403,162,247,0
2288,906,397,160,247,0
2289,894,391,160,247,0
2290,883,386,159,246,0
2291,864,371,159,249,0
2292,845,357,159,251,0
2293,827,343,158,253,0
2294,808,329,159,256,0
2295,790,315,158,258,0
2296,771,301,158,260,0
2297,753,287,158,263,0
2298,732,276,154,266,0
2299,711,266,151,269,0
2300,690,256,147,272,0
2301,669,246,144,275,0
2302,648,236,141,277,0
2303,627,226,137,280,0
2304,606,216,134,283,0
2305,585,206,131,286,0
2306,566,199,130,280,0
2307,547,192,130,274,0
2308,528,186,130,267,0
2309,509,179,129,261,0
2310,490,172,129,255,0
2311,471,166,129,248,0
2312,464,170,131,242,0
2313,453,169,128,239,0
2314,442,169,126,236,0
2315,431,169,124,233,0
2316,420,168,121,230,0
2317,409,168,119,227,0
2318,398,168,117,224,0
2319,388,174,115,221,0
2320,378,180,113,218,0
2321,369,186,110,215,0
2322,362,188,109,216,0
2323,355,190,109,217,0
2324,348,193,108,218,0
2325,341,195,108,219,0
2326,334,198,108,220,0
2327,330,194,107,221,0
2328,326,191,106,221,0
2329,322,187,106,222,0
2330,318,184,105,223,0
2331,314,180,105,224,0
2332,310,177,104,224,0
2333,307,174,103,225,0
2334,309,157,101,226,0
2335,312,140,99,227,0
2336,312,133,99,223,0
2337,315,126,97,219,0
2338,318,120,96,215,0
2339,322,113,93,211,0
2340,325,107,92,207,0
2341,328,101,90,202,0
2342,332,94,88,199,0
2343,335,88,86,194,0
2344,339,82,84,190,0
2345,349,82,81,186,0
2346,359,82,78,182,0
2347,366,83,77,179,0
2348,373,84,76,177,0
2349,380,85,76,175,0
2350,387,86,75,173,0
2351,394,87,74,170,0
2352,401,88,74,168,0
2353,408,89,73,166,0
2354,415,90,72,164,0
2355,422,91,72,161,0
2356,429,92,71,159,0
2357,436,93,70,157,0
2358,443,94,70,155,0
2359,450,92,73,151,0
2360,457,91,76,147,0
2361,464,89,79,144,0
2362,471,88,82,140,0
2363,478,86,85,137,0
2364,485,85,88,133,0
2365,492,83,91,129,0
2366,499,82,94,125,0
2367,506,80,97,122,0
2368,513,79,100,118,0
2369,520,77,103,115,0
2370,527,76,106,111,0
2371,534,75,110,107,0
2372,540,75,108,109,0
2373,547,76,105,111,0
2374,554,77,102,113,0
2375,561,78,99,115,0
2376,568,86,96,117,0
2377,575,94,94,119,0
2378,582,102,91,121,0
2379,590,111,88,123,0
2380,597,119,85,125,0
2381,604,127,83,127,0
2382,612,136,79,129,0
2383,619,144,77,131,0
2384,626,152,74,133,0
2385,634,161,71,135,0
2386,634,176,71,130,0
2387,635,191,71,125,0
2388,636,206,71,121,0
2389,636,221,71,116,0
2390,637,237,71,110,0
2391,638,252,71,106,0
2392,638,267,71,101,0
2393,639,282,71,96,0
2394,640,298,71,91,0
2395,644,320,71,91,0
2396,648,343,71,91,0
2397,652,366,71,91,0
2398,656,389,71,91,0
2399,660,412,71,91,0
2400,663,427,71,95,0
2401,666,443,71,99,0
2402,670,459,71,103,0
2403,669,479,72,103,1
2404,666,477,71,104,1
2405,663,476,70,104,1
2406,660,476,70,104,1
2407,657,476,70,103,1
2408,654,476,70,103,1
2409,651,476,70,103,1
2410,649,475,69,103,1
2411,646,475,69,103,1
2412,643,475,69,103,1
2413,640,475,69,102,1
2414,637,475,69,102,1
2415,634,474,69,103,1
2416,632,474,68,102,1
2417,629,474,68,102,1
2418,626,474,68,102,1
2419,623,474,68,101,1
2420,620,473,68,102,1
2421,617,473,68,102,1
2422,615,473,67,101,1
2423,612,473,67,101,1
2424,609,473,67,101,1
2425,606,472,67,101,1
2426,603,472,67,101,1
2427,600,472,67,101,1
2428,598,472,66,100,1
2429,595,472,66,100,1
2430,592,471,66,101,1
2431,589,471,66,100,1
2432,586,471,66,100,1
2433,583,471,66,100,1
2434,581,471,65,99,1
2435,578,470,65,100,1
2436,575,470,65,100,1
2437,572,470,65,99,1
2438,569,470,65,99,1
2439,567,470,64,99,0
2440,563,459,64,102,0
2441,559,449,65,104,0
2442,555,438,66,108,0
2443,552,428,66,110,0
2444,548,417,67,114,0
2445,544,407,68,116,0
2446,541,397,68,119,0
2447,539,379,68,121,0
2448,537,362,68,123,0
2449,536,345,67,125,0
2450,534,328,67,126,0
2451,533,311,67,128,0
2452,531,294,67,130,0
2453,530,277,66,131,0
2454,528,260,66,133,0
2455,527,243,66,135,0
2456,525,234,66,134,0
2457,523,225,66,133,0
2458,521,216,66,132,0
2459,519,207,66,131,0
2460,518,199,66,129,0
2461,516,190,66,128,0
2462,514,181,66,127,0
2463,512,172,66,126,0
2464,510,163,66,125,0
2465,509,155,66,123,0
2466,506,154,66,121,0
2467,504,153,65,119,0
2468,501,152,65,117,0
2469,499,151,64,115,0
2470,496,150,65,114,0
2471,494,149,64,112,0
2472,491,148,64,110,0
2473,489,147,63,108,0
2474,486,146,63,106,0
2475,484,146,63,104,0
2476,483,153,62,103,0
2477,480,159,62,102,0
2478,478,165,62,101,0
2479,476,171,62,100,0
2480,474,177,62,100,0
2481,471,183,62,99,0
2482,469,189,62,98,0
2483,467,195,62,97,0
2484,465,202,62,96,0
2485,465,205,62,95,0
2486,465,208,62,94,0
2487,466,211,62,93,0
2488,466,214,62,92,0
2489,467,218,62,90,0
2490,468,217,62,90,0
2491,469,216,62,91,0
2492,470,216,62,91,0
2493,471,215,62,91,0
2494,472,215,62,91,0
2495,473,214,63,92,0
2496,474,214,63,92,0
2497,475,213,63,92,0
2498,476,213,63,92,0
2499,477,212,63,93,0
2500,479,212,63,93,0
2501,483,213,63,93,0
2502,487,214,63,94,0
2503,491,216,63,93,0
2504,495,217,63,94,0
2505,499,219,63,94,0
2506,504,217,63,95,0
2507,509,216,63,95,0
2508,514,215,63,95,0
2509,519,214,63,95,0
2510,524,213,63,95,0
2511,529,212,63,95,0
2512,534,211,63,96,0
2513,539,210,63,96,0
2514,544,209,63,96,0
2515,549,208,63,96,0
2516,554,207,63,96,0
2517,559,206,63,96,0
2518,564,205,63,97,0
2519,569,204,63,97,0
2520,574,203,63,97,0
2521,579,202,63,97,0
2522,584,201,63,97,0
2523,589,200,63,97,0
2524,595,199,63,98,0
2525,598,197,63,99,0
2526,602,196,63,99,0
2527,605,195,63,99,0
2528,609,194,63,99,0
2529,612,193,63,99,0
2530,616,192,63,99,0
2531,620,191,63,99,0
2532,623,190,63,99,0
2533,627,189,63,99,0
2534,630,187,63,101,0
2535,634,186,63,101,0
2536,637,185,63,101,0
2537,641,184,63,101,0
2538,645,183,63,101,0
2539,648,182,63,101,0
2540,652,181,63,101,0
2541,655,180,63,101,0
2542,659,179,63,101,0
2543,663,178,63,102,0
2544,664,176,62,103,0
2545,665,175,62,103,0
2546,666,174,62,103,0
2547,667,172,61,104,0
2548,669,171,60,104,0
2549,670,170,60,104,0
2550,671,169,59,104,0
2551,672,167,59,105,0
2552,673,166,59,105,0
2553,675,165,57,105,0
2554,676,164,57,105,0
2555,677,162,57,106,0
2556,678,161,56,106,0
2557,679,160,56,106,0
2558,681,159,55,107,0
2559,679,156,55,108,0
2560,678,154,55,109,0
2561,677,152,55,110,0
2562,676,150,55,110,0
2563,675,148,55,111,0
2564,673,146,55,112,0
2565,672,144,55,112,0
2566,671,141,55,114,0
2567,670,139,55,115,0
2568,669,137,55,115,0
2569,667,135,55,116,0
2570,666,133,55,117,0
2571,665,131,55,117,0
2572,664,129,55,118,0
2573,663,127,55,119,0
2574,660,124,55,119,0
2575,658,122,55,119,0
2576,656,120,55,118,0
2577,654,118,55,118,0
2578,651,116,55,118,0
2579,649,114,55,117,0
2580,647,111,55,118,0
2581,645,109,55,117,0
2582,642,107,55,117,0
2583,640,105,55,117,0
2584,638,103,55,116,0
2585,636,101,55,116,0
2586,634,99,55,116,0
2587,631,98,55,116,0
2588,628,97,55,116,0
2589,625,96,55,117,0
2590,622,95,55,117,0
2591,620,94,55,117,0
2592,617,93,55,118,0
2593,614,93,55,117,0
2594,611,92,55,117,0
2595,608,91,55,118,0
2596,606,90,55,118,0
2597,603,89,55,118,0
2598,600,88,55,119,0
2599,597,87,55,119,0
2600,595,87,55,119,0
2601,589,87,55,121,0
2602,583,88,55,122,0
2603,577,88,55,124,0
2604,571,89,55,125,0
2605,565,90,55,126,0
2606,560,90,55,128,0
2607,554,91,55,129,0
2608,548,92,55,130,0
2609,542,92,55,132,0
2610,536,93,55,133,0
2611,530,94,55,134,0
2612,525,94,55,136,0
2613,519,95,55,137,0
2614,513,96,55,138,0
2615,507,96,55,140,0
2616,501,97,55,141,0
2617,496,98,55,142,0
2618,491,98,54,143,0
2619,486,99,53,143,0
2620,481,100,53,144,0
2621,476,100,52,145,0
2622,471,101,51,145,0
2623,466,102,51,146,0
2624,461,102,50,147,0
2625,456,103,49,147,0
2626,451,104,49,148,0
2627,446,104,48,149,0
2628,441,105,47,149,0
2629,436,106,47,150,0
2630,431,106,46,151,0
2631,426,107,45,151,0
2632,421,108,45,152,0
2633,416,108,44,153,0
2634,411,109,43,153,0
2635,406,110,43,154,0
2636,401,109,44,154,0
2637,396,108,45,155,0
2638,392,108,45,154,0
2639,387,107,47,155,0
2640,383,107,47,155,0
2641,378,106,48,155,0
2642,373,105,49,156,0
2643,369,105,50,156,0
2644,364,104,51,156,0
2645,360,104,51,156,0
2646,355,103,52,157,0
2647,350,102,54,157,0
2648,346,102,54,157,0
2649,341,101,55,158,0
2650,337,101,55,157,0
2651,332,100,57,158,0
2652,327,99,58,159,0
2653,323,99,58,158,0
2654,318,98,59,159,0
2655,314,98,60,159,0
2656,311,95,61,160,0
2657,309,93,61,160,0
2658,306,91,62,161,0
2659,304,88,62,162,0
2660,302,86,62,163,0
2661,299,84,63,163,0
2662,297,81,63,165,0
2663,295,79,63,165,0
2664,292,77,64,166,0
2665,290,74,64,167,0
2666,287,72,65,168,0
2667,285,70,65,168,0
2668,283,67,65,170,0
2669,280,65,66,170,0
2670,278,63,66,171,0
2671,276,60,66,172,0
2672,273,58,67,173,0
2673,271,56,67,173,0
2674,269,54,68,174,0
2675,267,54,71,173,0
2676,266,54,73,172,0
2677,265,55,75,170,0
2678,264,55,77,169,0
2679,263,56,80,167,0
2680,262,56,82,166,0
2681,261,56,84,165,0
2682,260,57,86,163,0
2683,259,57,88,162,0
2684,258,58,91,160,0
2685,256,58,94,159,0
2686,255,58,96,158,0
2687,254,59,98,156,0
2688,253,59,100,155,0
2689,252,60,103,153,0
2690,251,60,105,152,0
2691,250,60,107,151,0
2692,249,61,109,149,0
2693,248,61,111,148,0
2694,247,62,114,146,0
2695,250,64,113,142,0
2696,254,66,111,139,0
2697,257,68,110,136,0
2698,261,70,109,133,0
2699,264,72,108,130,0
2700,268,75,106,126,0
2701,272,77,104,123,0
2702,275,79,104,120,0
2703,279,81,102,117,0
2704,282,83,101,114,0
2705,286,85,99,111,0
2706,290,88,98,107,0
2707,287,98,99,109,0
2708,284,109,100,110,0
2709,282,119,100,113,0
2710,279,130,102,114,0
2711,277,140,102,117,0
2712,274,151,103,118,0
2713,271,161,105,120,0
2714,269,172,105,122,0
2715,266,182,106,124,0
2716,264,193,107,126,0
2717,261,202,107,126,0
2718,258,211,107,126,0
2719,255,220,107,126,0
2720,252,229,107,127,0
2721,249,238,107,127,0
2722,246,247,107,127,0
2723,243,257,107,127,0
2724,241,263,108,127,0
2725,239,269,109,127,0
2726,237,275,110,127,0
2727,235,281,111,127,0
2728,233,287,113,127,0
2729,239,283,114,127,0
2730,246,280,114,127,0
2731,253,277,114,127,0
2732,260,272,115,128,0
2733,268,267,116,129,0
2734,276,263,116,130,0
2735,283,258,118,131,0
2736,291,254,118,132,0
2737,299,249,119,133,0
2738,306,244,120,134,0
2739,314,240,121,135,0
2740,322,235,121,136,0
2741,329,231,123,137,0
2742,337,226,123,138,0
2743,345,222,124,139,0
2744,347,217,124,139,0
2745,350,213,124,139,0
2746,353,209,123,139,0
2747,355,204,124,140,0
2748,358,200,123,139,0
2749,361,196,123,139,0
2750,363,191,123,140,0
2751,366,187,123,140,0
2752,369,183,123,140,0
2753,367,184,123,139,0
2754,366,186,123,138,0
2755,364,187,123,138,0
2756,363,189,123,137,0
2757,362,190,122,137,0
2758,360,192,123,136,0
2759,359,193,122,136,0
2760,357,195,123,135,0
2761,356,196,122,135,0
2762,355,198,122,134,0
2763,353,199,122,134,0
2764,352,201,122,133,0
2765,351,203,122,132,0
2766,349,216,124,134,0
2767,347,230,127,135,0
2768,346,243,128,137,0
2769,344,257,131,138,0
2770,342,270,133,140,0
2771,341,284,135,141,0
2772,339,297,137,143,0
2773,338,311,139,144,0
2774,339,321,138,145,0
2775,341,331,136,147,0
2776,343,341,134,148,0
2777,344,351,133,150,0
2778,346,361,131,151,0
2779,348,371,129,153,0
2780,350,381,127,155,0
2781,358,383,126,153,0
2782,366,385,126,151,0
2783,374,387,125,150,0
2784,382,389,125,148,0
2785,390,391,124,146,0
2786,399,393,123,145,0
2787,420,396,122,143,0
2788,442,399,121,142,0
2789,464,402,120,140,0
2790,486,405,119,139,0
2791,513,411,115,139,0
2792,540,417,111,139,0
2793,567,423,107,139,0
2794,595,429,103,139,0
2795,622,435,99,139,0
2796,649,441,95,139,0
2797,676,447,91,139,0
2798,704,453,87,139,0
2799,725,450,87,139,0
2800,746,447,87,139,0
2801,767,444,87,139,0
2802,788,441,87,140,0
2803,809,438,87,140,0
2804,830,435,87,140,0
2805,851,433,87,140,0
2806,863,428,88,141,0
2807,875,424,89,141,0
2808,887,420,90,141,0
2809,900,415,91,142,0
2810,912,411,92,142,0
2811,924,407,93,142,0
2812,937,403,94,143,0
2813,933,397,94,143,0
2814,930,391,94,143,0
2815,926,385,94,143,0
2816,923,379,94,143,0
2817,919,373,94,144,0
2818,916,367,94,144,0
2819,912,361,94,144,0
2820,909,355,94,144,0
2821,906,350,94,144,0
2822,893,349,95,144,0
2823,881,349,95,144,0
2824,869,348,95,145,0
2825,857,348,95,145,0
2826,845,348,95,145,0
2827,833,347,95,145,0
2828,821,347,95,145,0
2829,809,346,95,146,0
2830,797,346,95,146,0
2831,785,346,95,146,0
2832,772,335,95,146,0
2833,759,325,95,146,0
2834,746,315,95,146,0
2835,733,304,95,147,0
2836,721,294,95,147,0
2837,708,284,95,147,0
2838,695,273,95,148,0
2839,682,263,95,148,0
2840,670,253,95,148,0
2841,659,239,93,146,0
2842,648,225,91,144,0
2843,637,212,89,141,0
2844,626,198,87,139,0
2845,615,184,85,137,0
2846,604,171,83,134,0
2847,593,157,81,132,0
2848,582,143,79,130,0
2849,571,130,78,127,0
2850,563,122,78,127,0
2851,556,114,78,128,0
2852,549,106,78,129,0
2853,542,99,78,129,0
2854,534,91,79,129,0
2855,527,83,79,130,0
2856,520,75,79,131,0
2857,513,68,79,131,0
2858,509,67,78,130,0
2859,506,66,77,130,0
2860,502,65,76,129,0
2861,499,64,75,129,0
2862,496,63,74,129,0
2863,492,62,73,128,0
2864,489,62,72,127,0
2865,485,61,71,126,0
2866,482,60,70,126,0
2867,479,59,69,126,0
2868,475,58,68,125,0
2869,472,57,67,125,0
2870,469,57,66,124,0
2871,467,62,66,123,0
2872,465,68,66,122,0
2873,464,73,66,122,0
2874,462,79,66,120,0
2875,461,84,66,120,0
2876,459,90,66,119,0
2877,457,95,66,118,0
2878,456,101,66,117,0
2879,454,106,66,117,0
2880,453,112,66,116,0
2881,452,110,65,117,0
2882,451,109,65,117,0
2883,451,108,64,117,0
2884,450,107,64,117,0
2885,450,106,63,117,0
2886,449,104,63,118,0
2887,448,103,63,118,0
2888,448,102,62,118,0
2889,447,101,62,118,0
2890,447,100,61,118,0
2891,446,99,61,118,0
2892,445,97,61,119,0
2893,445,96,60,119,0
2894,444,95,60,119,0
2895,444,94,59,119,0
2896,443,93,59,119,0
2897,443,92,58,119,0
2898,438,95,58,119,0
2899,433,98,59,119,0
2900,429,101,58,119,0
2901,424,105,59,118,0
2902,420,108,58,118,0
2903,415,111,59,118,0
2904,411,115,58,117,0
2905,406,118,59,117,0
2906,402,121,58,117,0
2907,397,125,59,116,0
2908,393,128,58,116,0
2909,388,131,59,116,0
2910,384,135,59,115,0
2911,381,137,59,114,0
2912,378,140,59,113,0
2913,375,143,59,112,0
2914,373,145,59,112,0
2915,370,148,59,111,0
2916,367,151,59,110,0
2917,364,153,59,110,0
2918,362,156,59,109,0
2919,359,159,59,108,0
2920,356,161,59,108,0
2921,353,164,59,107,0
2922,351,167,59,106,0
2923,348,169,59,106,0
2924,345,172,59,105,0
2925,342,175,59,104,0
2926,340,178,59,103,0
2927,339,186,59,103,0
2928,339,194,59,104,0
2929,339,202,59,104,0
2930,338,210,59,105,0
2931,338,219,59,104,0
2932,338,227,59,105,0
2933,337,235,59,105,0
2934,337,243,59,106,0
2935,337,252,59,106,0
2936,342,254,60,106,0
2937,347,257,61,106,0
2938,353,260,61,106,0
2939,358,263,62,106,0
2940,363,265,64,107,0
2941,369,268,64,107,0
2942,374,271,65,107,0
2943,379,274,66,107,0
2944,385,277,67,107,0
2945,395,275,67,106,0
2946,406,274,67,105,0
2947,416,272,67,105,0
2948,427,271,67,103,0
2949,437,269,67,103,0
2950,448,268,67,102,0
2951,458,266,67,101,0
2952,469,265,67,100,0
2953,479,263,67,100,0
2954,490,262,67,99,0
2955,497,263,67,99,0
2956,504,264,67,100,0
2957,511,266,67,100,0
2958,518,267,67,101,0
2959,525,269,67,100,0
2960,532,270,67,101,0
2961,539,272,67,101,0
2962,546,273,67,102,0
2963,553,275,67,102,0
2964,557,281,67,102,0
2965,561,287,67,102,0
2966,566,293,67,102,0
2967,570,299,67,102,0
2968,574,305,67,102,0
2969,579,311,67,103,0
2970,583,317,67,103,0
2971,587,323,67,103,0
2972,592,329,67,103,0
2973,596,335,67,103,0
2974,601,342,67,103,0
2975,608,346,67,104,0
2976,615,351,67,104,0
2977,623,356,67,104,0
2978,630,361,67,104,0
2979,637,366,68,104,0
2980,645,371,67,105,0
2981,652,376,67,105,0
2982,659,381,68,105,0
2983,667,386,67,105,0
2984,674,391,68,105,0
2985,681,396,68,105,0
2986,689,401,68,106,0
2987,697,400,68,106,0
2988,706,399,68,106,0
2989,715,398,68,106,0
2990,724,397,68,106,0
2991,733,396,68,106,0
2992,742,395,68,106,0
2993,751,394,68,106,0
2994,760,393,68,106,0
2995,769,392,68,106,0
2996,778,391,68,107,0
2997,785,388,68,107,0
2998,793,385,68,108,0
2999,801,382,68,108,0
3000,809,380,68,108,0
3001,817,377,68,108,0
3002,825,374,68,109,0
3003,833,371,68,109,0
3004,841,369,68,109,0
3005,849,366,68,109,0
3006,857,363,68,110,0
3007,865,360,68,110,0
3008,873,358,68,110,0
3009,877,354,67,111,0
3010,881,351,67,111,0
3011,886,348,66,111,0
3012,890,345,65,111,0
3013,894,341,65,112,0
3014,899,338,64,112,0
3015,903,335,64,112,0
3016,907,332,63,112,0
3017,912,329,62,112,0
3018,916,325,62,113,0
3019,920,322,61,113,0
3020,925,319,60,113,0
3021,929,316,60,113,0
3022,934,313,59,114,0
3023,935,306,60,114,0
3024,936,300,61,114,0
3025,937,293,63,114,0
3026,938,287,64,114,0
3027,940,280,65,114,0
3028,941,274,66,114,0
3029,942,267,67,114,0
3030,943,261,69,114,0
3031,944,254,70,114,0
3032,946,248,71,114,0
3033,948,244,72,111,0
3034,950,240,74,108,0
3035,953,236,75,106,0
3036,955,232,77,103,0
3037,957,228,79,100,0
3038,960,225,79,97,0
3039,962,221,81,94,0
3040,964,217,83,91,0
3041,967,213,84,89,0
3042,969,209,86,86,0
3043,972,206,87,83,0
3044,976,205,87,84,0
3045,980,205,87,84,0
3046,984,205,87,84,0
3047,988,205,87,84,0
3048,992,205,87,84,0
3049,996,204,87,85,0
3050,1000,204,87,85,0
3051,1004,204,87,85,0
3052,1008,204,87,85,0
3053,1012,204,87,86,0
3054,1018,207,87,85,0
3055,1025,210,86,85,0
3056,1032,213,86,85,0
3057,1039,216,85,85,0
3058,1045,219,86,85,0
3059,1052,222,85,84,0
3060,1059,225,85,84,0
3061,1066,228,84,84,0
3062,1072,231,85,84,0
3063,1079,234,84,84,0
3064,1086,237,84,84,0
3065,1093,240,83,83,0
3066,1099,243,84,83,0
3067,1106,246,83,83,0
3068,1113,249,83,83,0
3069,1120,252,82,83,0
3070,1127,255,82,83,0
3071,1134,259,83,83,0
3072,1141,264,84,83,0
3073,1148,268,86,84,0
3074,1155,273,87,84,0
3075,1162,277,88,85,0
3076,1170,282,89,85,0
3077,1163,282,90,85,0
3078,1157,283,90,85,0
3079,1150,283,92,86,0
3080,1144,284,92,85,0
3081,1137,284,93,86,0
3082,1131,285,94,86,0
3083,1117,280,94,90,0
3084,1104,275,93,94,0
3085,1090,270,93,98,0
3086,1077,265,93,102,0
3087,1063,260,93,106,0
3088,1050,255,92,110,0
3089,1037,250,91,114,0
3090,1023,245,92,118,0
3091,1010,240,91,122,0
3092,996,235,91,126,0
3093,983,230,90,130,0
3094,970,226,90,134,0
3095,958,225,88,134,0
3096,946,224,87,134,0
3097,934,223,86,134,0
3098,922,223,85,134,0
3099,910,222,83,134,0
3100,898,221,82,134,0
3101,886,220,81,134,0
3102,874,220,80,134,0
3103,867,221,80,134,0
3104,861,222,80,135,0
3105,855,223,80,135,0
3106,848,224,80,136,0
3107,842,225,80,136,0
3108,836,226,80,137,0
3109,829,227,80,137,0
3110,823,228,80,138,0
3111,817,229,80,139,0
3112,808,228,80,138,0
3113,800,228,79,136,0
3114,791,228,80,135,0
3115,783,228,79,133,0
3116,774,228,80,132,0
3117,766,228,79,130,0
3118,757,228,80,129,0
3119,749,228,79,127,0
3120,740,228,80,126,0
3121,732,228,79,124,0
3122,724,228,79,123,0
3123,715,224,78,123,0
3124,706,220,77,123,0
3125,698,216,76,124,0
3126,689,212,75,124,0
3127,680,208,75,125,0
3128,672,205,73,124,0
3129,663,201,72,124,0
3130,654,197,72,125,0
3131,646,193,70,125,0
3132,637,189,70,126,0
3133,628,185,69,126,0
3134,620,182,68,126,0
3135,608,183,69,127,0
3136,596,185,70,127,0
3137,585,187,70,127,0
3138,573,189,71,127,0
3139,562,190,71,128,0
3140,550,192,72,128,0
3141,539,194,72,128,0
3142,527,196,73,128,0
3143,516,198,73,128,0
3144,498,206,74,127,0
3145,481,214,75,126,0
3146,470,221,76,127,0
3147,459,228,78,128,0
3148,449,235,78,130,0
3149,438,242,80,131,0
3150,428,250,80,132,0
3151,417,257,82,133,0
3152,406,264,83,134,0
3153,396,271,84,136,0
3154,385,278,85,137,0
3155,375,286,86,138,0
3156,369,285,86,142,0
3157,364,284,86,146,0
3158,358,284,86,150,0
3159,353,283,86,154,0
3160,347,282,86,158,0
3161,342,282,86,162,0
3162,336,281,86,166,0
3163,331,280,86,170,0
3164,326,280,86,174,0
3165,322,279,86,172,0
3166,318,278,86,170,0
3167,314,278,86,168,0
3168,311,277,85,166,0
3169,307,276,85,164,0
3170,303,276,85,162,0
3171,299,275,85,160,0
3172,296,275,84,158,0
3173,301,272,85,161,0
3174,307,270,85,164,0
3175,313,268,86,167,0
3176,332,271,85,167,0
3177,351,275,85,167,0
3178,371,278,84,167,0
3179,390,282,84,167,0
3180,409,285,84,167,0
3181,429,289,83,167,0
3182,454,298,83,168,0
3183,480,308,82,169,0
3184,506,318,81,169,0
3185,532,328,80,170,0
3186,558,338,79,171,0
3187,574,351,79,171,0
3188,588,359,79,170,0
3189,602,367,79,169,0
3190,616,376,79,168,0
3191,630,384,79,167,0
3192,644,393,79,166,0
3193,638,388,79,165,0
3194,632,383,79,164,0
3195,627,379,78,163,0
3196,617,363,78,163,0
3197,608,348,78,163,0
3198,598,332,79,164,0
3199,589,317,78,164,0
3200,580,302,78,164,0
3201,570,286,79,165,0
3202,561,271,78,165,0
3203,551,255,79,166,0
3204,542,240,79,166,0
3205,533,225,79,166,0
3206,521,214,79,166,0
3207,509,204,79,166,0
3208,497,193,79,167,0
3209,486,183,79,167,0
3210,476,182,79,167,0
3211,466,181,79,167,0
3212,457,180,79,168,0
3213,447,179,79,168,0
3214,437,178,79,168,0
3215,428,177,79,169,0
3216,418,176,79,169,0
3217,408,175,79,169,0
3218,399,174,79,170,0
3219,387,181,80,170,0
3220,375,188,81,170,0
3221,364,196,81,170,0
3222,352,203,82,170,0
3223,340,210,83,170,0
3224,329,218,84,170,0
3225,323,226,85,171,0
3226,318,235,85,171,0
3227,312,244,87,171,0
3228,307,253,87,171,0
3229,302,262,88,171,0
3230,297,259,87,171,0
3231,292,256,87,171,0
3232,287,253,87,171,0
3233,282,250,87,172,0
3234,283,238,87,172,0
3235,284,226,87,173,0
3236,285,215,87,173,0
3237,286,203,87,174,0
3238,288,192,87,174,0
3239,300,169,87,174,0
3240,313,146,87,174,0
3241,326,123,87,174,0
3242,350,108,87,174,0
3243,374,93,88,174,0
3244,398,79,89,174,0
3245,422,64,90,174,0
3246,446,50,91,174,0
3247,453,43,92,175,0
3248,461,37,93,175,0
3249,468,31,94,175,0
3250,476,25,95,175,0
3251,484,19,96,175,0
3252,471,23,96,174,0
3253,458,27,96,174,0
3254,445,31,96,174,0
3255,432,35,96,174,0
3256,419,39,96,174,0
3257,407,44,95,173,0
3258,394,48,95,172,0
3259,381,52,95,172,0
3260,368,56,95,172,0
3261,355,60,95,172,0
3262,342,64,95,172,0
3263,330,69,95,171,0
3264,313,74,95,172,0
3265,297,80,95,172,0
3266,281,86,95,172,0
3267,265,92,95,173,0
3268,249,98,95,173,0
3269,233,104,95,173,0
3270,217,110,95,174,0
3271,207,111,98,175,0
3272,198,113,101,175,0
3273,188,115,105,176,0
3274,179,117,108,176,0
3275,169,119,112,176,0
3276,160,121,115,177,0
3277,150,123,119,177,0
3278,141,125,122,177,0
3279,131,127,126,178,0
3280,122,129,129,178,0
3281,113,131,132,179,0
3282,116,136,132,179,0
3283,120,142,132,179,0
3284,124,148,132,179,0
3285,128,154,131,178,0
3286,132,159,131,179,0
3287,136,165,131,179,0
3288,139,171,131,178,0
3289,143,177,131,178,0
3290,147,182,131,179,0
3291,151,188,130,178,0
3292,155,194,130,178,0
3293,159,200,130,178,0
3294,160,195,130,178,0
3295,162,191,129,178,0
3296,164,187,128,178,0
3297,166,183,128,178,0
3298,167,179,128,178,0
3299,169,175,127,178,0
3300,171,170,126,178,0
3301,173,166,126,178,0
3302,174,162,126,178,0
3303,176,158,125,178,0
3304,178,154,124,178,0
3305,180,150,124,178,0
3306,176,145,126,177,0
3307,172,141,129,175,0
3308,168,137,132,173,0
3309,164,132,135,173,0
3310,160,128,138,171,0
3311,156,124,140,169,0
3312,152,119,143,168,0
3313,149,115,145,167,0
3314,145,111,148,165,0
3315,141,106,151,164,0
3316,137,102,153,162,0
3317,133,98,156,161,0
3318,129,93,159,160,0
3319,125,89,162,158,0
3320,121,85,165,156,0
3321,118,81,167,155,0
3322,122,80,167,155,0
3323,126,79,167,156,0
3324,131,79,167,156,0
3325,135,78,167,157,0
3326,140,78,166,156,0
3327,144,77,167,157,0
3328,149,77,166,157,0
3329,153,76,167,158,0
3330,158,76,166,157,0
3331,162,75,166,158,0
3332,167,75,166,158,0
3333,171,74,166,159,0
3334,176,74,166,159,0
3335,176,74,165,159,0
3336,177,75,163,158,0
3337,177,75,162,159,0
3338,178,76,161,158,0
3339,179,76,159,158,0
3340,179,77,158,158,0
3341,180,77,156,158,0
3342,180,78,156,157,0
3343,181,79,154,157,0
3344,182,79,152,157,0
3345,182,80,152,156,0
3346,183,80,150,157,0
3347,183,81,149,156,0
3348,184,81,147,156,0
3349,185,82,146,156,0
3350,185,82,145,156,0
3351,186,83,143,155,0
3352,187,84,142,155,0
3353,189,88,141,155,0
3354,191,92,141,155,0
3355,194,96,139,155,0
3356,196,101,139,154,0
3357,199,105,138,154,0
3358,201,109,137,154,0
3359,203,113,137,154,0
3360,206,118,135,153,0
3361,208,122,135,153,0
3362,211,126,134,153,0
3363,213,130,133,153,0
3364,215,135,133,152,0
3365,218,139,131,152,0
3366,220,143,131,152,0
3367,223,148,130,151,0
3368,228,148,129,151,0
3369,234,148,128,152,0
3370,240,148,127,152,0
3371,246,149,125,152,0
3372,252,149,124,152,0
3373,258,149,123,153,0
3374,263,150,122,152,0
3375,269,150,121,153,0
3376,275,150,120,153,0
3377,281,151,118,153,0
3378,287,151,117,153,0
3379,293,151,116,154,0
3380,299,152,115,154,0
3381,304,155,115,153,0
3382,309,158,115,152,0
3383,314,161,115,151,0
3384,319,164,115,151,0
3385,324,167,115,150,0
3386,330,171,114,148,0
3387,335,174,114,147,0
3388,340,177,114,147,0
3389,345,180,114,146,0
3390,350,183,114,145,0
3391,355,186,114,144,0
3392,361,190,114,143,0
3393,368,191,114,143,0
3394,376,193,114,143,0
3395,384,195,114,142,0
3396,392,196,114,143,0
3397,400,198,114,142,0
3398,408,200,114,142,0
3399,416,201,114,142,0
3400,424,203,114,142,0
3401,431,205,114,141,0
3402,439,206,114,142,0
3403,447,208,114,141,0
3404,455,210,114,141,0
3405,463,211,114,141,0
3406,471,213,114,141,0
3407,479,215,114,140,0
3408,487,217,114,140,0
3409,491,221,114,140,0
3410,495,226,115,140,0
3411,499,230,116,141,0
3412,503,235,117,141,0
3413,507,239,118,141,0
3414,512,244,118,141,0
3415,516,249,119,141,0
3416,520,253,120,142,0
3417,524,258,121,141,0
3418,528,262,122,142,0
3419,532,267,123,142,0
3420,537,272,123,142,0
3421,539,274,127,147,0
3422,542,277,130,151,0
3423,545,280,133,155,0
3424,547,282,137,160,0
3425,550,285,140,164,0
3426,553,288,143,168,0
3427,556,291,146,172,0
3428,558,293,150,177,0
3429,561,296,153,181,0
3430,564,299,156,185,0
3431,567,302,159,190,0
3432,573,302,157,187,0
3433,580,302,155,184,0
3434,587,302,152,181,0
3435,594,302,150,178,0
3436,601,302,148,175,0
3437,607,302,146,172,0
3438,614,302,144,169,0
3439,621,302,142,166,0
3440,628,302,139,163,0
3441,635,302,137,160,0
3442,642,302,135,158,0
3443,654,305,134,155,0
3444,667,308,133,153,0
3445,680,311,131,150,0
3446,693,314,130,148,0
3447,706,317,129,146,0
3448,719,320,127,143,0
3449,732,323,126,141,0
3450,745,326,124,138,0
3451,758,329,123,136,0
3452,771,332,122,134,0
3453,771,328,121,136,0
3454,772,324,120,138,0
3455,773,320,119,140,0
3456,774,316,118,142,0
3457,775,312,117,145,0
3458,776,308,116,147,0
3459,777,304,115,149,0
3460,778,300,114,151,0
3461,779,296,113,153,0
3462,780,293,112,155,0
3463,777,294,110,154,0
3464,774,296,108,152,0
3465,772,297,105,151,0
3466,769,299,103,149,0
3467,767,301,100,147,0
3468,764,302,98,146,0
3469,762,304,95,144,0
3470,759,305,93,143,0
3471,757,307,90,141,0
3472,754,309,88,139,0
3473,752,310,85,138,0
3474,749,312,83,136,0
3475,747,313,80,135,0
3476,744,315,78,133,0
3477,742,317,75,131,0
3478,740,308,75,131,0
3479,738,300,75,130,0
3480,736,292,75,130,0
3481,734,284,75,129,0
3482,732,276,75,128,0
3483,730,268,75,128,0
3484,728,260,75,127,0
3485,727,252,74,127,0
3486,720,238,75,123,0
3487,713,225,77,119,0
3488,707,211,77,115,0
3489,700,198,79,111,0
3490,694,184,79,107,0
3491,687,171,81,103,0
3492,681,157,81,99,0
3493,674,144,83,95,0
3494,668,130,83,91,0
3495,661,117,85,87,0
3496,655,104,86,83,0
3497,651,97,86,83,0
3498,647,90,86,84,0
3499,643,83,86,84,0
3500,639,76,87,85,0
3501,635,69,87,85,0
3502,631,62,87,86,0
3503,627,55,87,86,0
3504,624,48,87,87,0
3505,619,48,87,85,0
3506,614,48,87,84,0
3507,610,48,87,83,0
3508,605,48,87,81,0
3509,601,48,86,80,0
3510,596,48,87,79,0
3511,592,48,86,77,0
3512,587,48,87,76,0
3513,583,48,86,75,0
3514,578,48,86,73,0
3515,574,48,86,72,0
3516,569,48,86,71,0
3517,565,48,86,70,0
3518,562,54,86,70,0
3519,559,60,86,71,0
3520,556,66,86,72,0
3521,553,72,87,72,0
3522,551,79,86,72,0
3523,548,85,86,73,0
3524,545,91,87,73,0
3525,542,97,87,74,0
3526,539,103,87,75,0
3527,537,110,87,75,0
3528,536,120,86,75,0
3529,535,131,86,74,0
3530,534,142,86,73,0
3531,534,153,85,72,0
3532,533,164,85,71,0
3533,532,175,84,70,0
3534,532,186,83,69,0
3535,531,197,83,68,0
3536,530,208,83,67,0
3537,530,219,82,67,0
3538,528,232,82,68,0
3539,527,246,82,68,0
3540,526,259,82,69,0
3541,524,273,83,69,0
3542,523,286,83,70,0
3543,522,300,83,70,0
3544,520,312,78,65,1
3545,524,315,77,67,1
3546,529,319,75,68,1
3547,532,326,74,67,1
3548,535,333,73,67,1
3549,539,341,72,66,1
3550,542,348,71,65,1
3551,545,355,70,65,1
3552,549,363,69,64,0
3553,551,363,72,66,0
3554,553,364,75,68,0
3555,562,361,69,73,0
3556,571,359,64,78,0
3557,580,357,59,83,0
3558,585,353,59,84,0
3559,590,350,60,85,0
3560,596,347,60,85,0
3561,601,344,61,86,0
3562,607,341,60,86,0
3563,612,338,61,87,0
3564,617,334,62,88,0
3565,623,331,62,89,0
3566,628,328,62,89,0
3567,634,325,62,90,0
3568,639,322,63,90,0
3569,645,319,63,91,0
3570,649,313,63,93,0
3571,654,308,63,95,0
3572,659,303,63,97,0
3573,664,297,63,99,0
3574,669,292,63,101,0
3575,673,287,63,103,0
3576,678,281,63,105,0
3577,683,276,63,107,0
3578,688,271,63,109,0
3579,693,266,63,111,0
3580,687,253,63,111,0
3581,681,241,63,110,0
3582,675,229,63,109,0
3583,670,216,63,110,0
3584,664,204,63,109,0
3585,658,192,63,108,0
3586,653,179,63,109,0
3587,647,167,63,108,0
3588,641,155,63,107,0
3589,636,143,63,107,0
3590,622,138,63,106,0
3591,608,133,64,106,0
3592,594,129,65,104,0
3593,580,124,65,104,0
3594,567,120,65,103,0
3595,553,115,66,102,0
3596,539,110,66,102,0
3597,525,106,67,100,0
3598,511,101,68,100,0
3599,498,97,68,99,0
3600,489,98,68,98,0
3601,481,100,68,97,0
3602,473,101,68,97,0
3603,465,103,68,96,0
3604,457,104,68,96,0
3605,449,106,68,95,0
3606,441,107,68,95,0
3607,433,109,68,94,0
3608,425,110,68,94,0
3609,417,112,68,93,0
3610,409,113,68,93,0
3611,401,115,68,92,0
3612,396,120,69,92,0
3613,392,126,69,92,0
3614,388,132,70,91,0
3615,384,138,70,91,0
3616,380,143,70,92,0
3617,376,149,71,91,0
3618,372,155,71,91,0
3619,368,161,72,91,0
3620,370,162,72,91,0
3621,372,163,72,91,0
3622,374,164,72,91,0
3623,376,166,72,90,0
3624,378,167,72,90,0
3625,380,168,72,91,0
3626,382,169,72,91,0
3627,384,171,72,90,0
3628,386,172,72,90,0
3629,388,173,72,90,0
3630,390,174,72,91,0
3631,392,176,72,90,0
3632,394,177,72,90,0
3633,396,178,72,90,0
3634,398,179,72,90,0
3635,401,181,72,90,0
3636,403,183,73,90,0
3637,406,185,73,91,0
3638,409,188,73,90,0
3639,412,190,73,91,0
3640,415,193,73,90,0
3641,418,195,73,91,0
3642,421,198,73,91,0
3643,424,200,73,91,0
3644,427,203,73,91,0
3645,430,205,73,91,0
3646,433,208,73,91,0
3647,436,210,73,92,0
3648,439,213,73,91,0
3649,442,215,73,92,0
3650,445,218,73,91,0
3651,448,220,73,92,0
3652,451,223,74,92,0
3653,451,224,74,91,0
3654,452,225,74,91,0
3655,453,227,74,90,0
3656,453,228,75,90,0
3657,454,230,74,89,0
3658,455,231,74,88,0
3659,455,233,75,87,0
3660,456,234,75,87,0
3661,457,235,74,87,0
3662,457,237,75,86,0
3663,458,238,75,85,0
3664,459,240,75,84,0
3665,459,241,75,84,0
3666,460,243,75,83,0
3667,461,244,75,83,0
3668,462,246,75,82,0
3669,458,250,75,83,0
3670,455,254,75,85,0
3671,452,259,75,85,0
3672,448,263,75,87,0
3673,445,267,75,89,0
3674,442,272,75,89,0
3675,439,276,75,91,0
3676,435,280,75,93,0
3677,432,285,75,93,0
3678,429,289,75,95,0
3679,425,293,75,97,0
3680,422,298,75,97,0
3681,419,302,75,99,0
3682,416,307,75,100,0
3683,410,308,76,102,0
3684,404,309,78,104,0
3685,398,310,80,106,0
3686,393,311,81,109,0
3687,387,312,83,111,0
3688,381,313,84,113,0
3689,376,314,85,116,0
3690,370,316,87,117,0
3691,364,317,89,119,0
3692,359,318,90,122,0
3693,353,319,91,124,0
3694,347,320,93,126,0
3695,342,321,94,129,0
3696,336,322,96,131,0
3697,330,323,98,133,0
3698,325,325,99,135,0
3699,322,327,99,135,0
3700,319,329,99,135,0
3701,317,331,99,135,0
3702,314,333,99,135,0
3703,312,335,99,135,0
3704,309,337,99,135,0
3705,306,339,99,135,0
3706,304,341,99,135,0
3707,301,344,99,135,0
3708,299,346,99,135,0
3709,296,348,99,135,0
3710,293,350,99,135,0
3711,291,352,99,135,0
3712,288,354,99,135,0
3713,286,356,99,135,0
3714,283,358,99,135,0
3715,281,361,99,135,0
3716,279,360,100,136,0
3717,277,359,101,137,0
3718,276,358,101,138,0
3719,274,357,103,139,0
3720,273,357,103,140,0
3721,271,356,104,141,0
3722,269,355,105,142,0
3723,268,354,106,143,0
3724,266,353,107,144,0
3725,265,353,107,145,0
3726,263,352,108,146,0
3727,261,351,110,147,0
3728,260,350,110,148,0
3729,258,349,111,149,0
3730,257,349,112,150,0
3731,259,345,112,152,0
3732,261,342,113,153,0
3733,263,339,114,154,0
3734,265,336,114,155,0
3735,267,333,115,156,0
3736,269,329,116,158,0
3737,271,326,116,159,0
3738,273,323,117,161,0
3739,275,320,118,162,0
3740,277,317,118,163,0
3741,279,313,119,165,0
3742,281,310,120,166,0
3743,283,307,120,167,0
3744,285,304,121,168,0
3745,287,301,122,169,0
3746,290,298,122,171,0
3747,292,296,122,170,0
3748,294,294,122,170,0
3749,297,292,122,170,0
3750,299,290,122,170,0
3751,302,288,122,170,0
3752,304,286,122,170,0
3753,306,284,123,170,0
3754,309,282,122,169,0
3755,311,280,123,169,0
3756,314,278,122,169,0
3757,316,276,123,169,0
3758,318,274,123,169,0
3759,321,272,123,169,0
3760,323,270,123,169,0
3761,326,269,123,168,0
3762,328,266,122,168,0
3763,331,263,121,168,0
3764,334,261,119,168,0
3765,337,258,118,168,0
3766,339,256,117,167,0
3767,342,253,116,168,0
3768,345,251,114,167,0
3769,348,248,113,168,0
3770,350,246,112,167,0
3771,353,243,111,167,0
3772,356,241,109,167,0
3773,359,238,108,167,0
3774,362,236,107,167,0
3775,362,235,107,167,0
3776,363,235,106,166,0
3777,364,235,106,165,0
3778,365,234,105,165,0
3779,366,234,105,165,0
3780,366,234,105,164,0
3781,367,233,105,164,0
3782,368,233,104,163,0
3783,369,233,104,162,0
3784,370,232,103,163,0
3785,370,232,104,162,0
3786,371,232,103,161,0
3787,372,231,103,161,0
3788,373,231,102,160,0
3789,374,231,102,160,0
3790,376,234,99,162,0
3791,379,238,96,163,0
3792,381,241,94,166,0
3793,384,245,91,167,0
3794,387,249,88,169,0
3795,384,245,88,171,0
3796,382,242,87,172,0
3797,380,239,87,174,0
3798,378,236,86,175,0
3799,375,232,87,178,0
3800,373,229,86,179,0
3801,371,226,86,181,0
3802,369,223,85,182,0
3803,367,220,85,184,0
3804,362,208,85,185,0
3805,358,197,84,185,0
3806,354,186,83,186,0
3807,351,172,84,183,0
3808,347,173,85,179,0
3809,344,174,86,176,0
3810,341,176,86,172,0
3811,337,177,88,168,0
3812,334,179,88,164,0
3813,331,180,89,161,0
3814,327,182,90,156,0
3815,324,183,91,153,0
3816,321,185,92,149,0
3817,318,192,93,146,0
3818,315,199,94,143,0
3819,316,198,95,146,0
3820,318,197,95,149,0
3821,320,196,95,153,0
3822,322,195,95,156,0
3823,324,194,95,159,0
3824,326,193,95,163,0
3825,328,192,95,166,0
3826,330,191,95,169,0
3827,332,190,95,173,0
3828,334,189,95,176,0
3829,336,189,95,179,0
3830,337,192,96,177,0
3831,339,196,96,174,0
3832,341,199,96,172,0
3833,343,203,97,169,0
3834,344,206,98,167,0
3835,346,210,98,164,0
3836,348,214,99,161,0
3837,350,217,99,159,0
3838,352,221,99,156,0
3839,353,224,100,154,0
3840,355,228,101,151,0
3841,357,231,101,149,0
3842,359,235,101,146,0
3843,361,239,102,143,0
3844,361,243,103,144,0
3845,361,248,104,145,0
3846,361,253,106,145,0
3847,362,258,106,146,0
3848,362,263,108,147,0
3849,362,268,109,147,0
3850,362,273,111,148,0
3851,363,278,111,149,0
3852,363,283,113,149,0
3853,363,288,114,150,0
3854,364,293,115,151,0
3855,363,296,114,150,0
3856,362,299,114,150,0
3857,361,302,113,150,0
3858,360,305,113,150,0
3859,359,308,113,150,0
3860,358,311,112,150,0
3861,358,314,111,150,0
3862,357,317,111,149,0
3863,356,320,110,149,0
3864,355,323,110,149,0
3865,354,326,110,149,0
3866,353,329,109,149,0
3867,352,332,109,149,0
3868,352,336,108,148,0
3869,353,327,107,150,0
3870,355,319,105,152,0
3871,356,311,104,154,0
3872,358,302,102,156,0
3873,359,294,102,158,0
3874,361,286,100,160,0
3875,362,277,99,162,0
3876,364,269,97,164,0
3877,366,261,96,166,0
3878,365,252,98,162,0
3879,364,243,100,158,0
3880,363,234,102,154,0
3881,362,226,104,150,0
3882,362,217,105,146,0
3883,361,208,107,142,0
3884,360,200,109,138,0
3885,359,191,111,134,0
3886,359,182,112,130,0
3887,358,174,114,126,0
3888,357,165,116,122,0
3889,356,156,118,118,0
3890,356,148,119,114,0
3891,351,146,121,115,0
3892,347,144,123,117,0
3893,343,143,124,118,0
3894,339,141,126,120,0
3895,334,140,128,120,0
3896,330,138,130,122,0
3897,326,137,131,123,0
3898,322,135,133,125,0
3899,318,134,135,126,0
3900,309,142,136,129,0
3901,301,150,137,132,0
3902,292,158,138,135,0
3903,284,166,139,138,0
3904,275,175,141,140,0
3905,267,183,141,143,0
3906,258,191,143,146,0
3907,250,199,143,149,0
3908,241,207,145,152,0
3909,233,216,146,154,0
3910,236,220,142,155,0
3911,239,224,138,156,0
3912,243,228,134,157,0
3913,246,232,130,158,0
3914,250,236,126,160,0
3915,253,240,122,161,0
3916,256,244,118,162,0
3917,260,248,114,163,0
3918,263,252,110,164,0
3919,267,256,106,166,0
3920,270,253,106,167,0
3921,273,251,106,168,0
3922,276,249,106,168,0
3923,279,246,106,170,0
3924,283,244,106,170,0
3925,286,242,106,171,0
3926,289,239,106,172,0
3927,292,237,106,173,0
3928,295,235,106,173,0
3929,299,233,106,174,0
3930,304,232,106,175,0
3931,309,232,106,175,0
3932,314,232,106,175,0
3933,319,231,106,176,0
3934,324,231,107,176,0
3935,329,231,107,176,0
3936,335,230,106,177,0
3937,340,230,106,177,0
3938,345,230,107,177,0
3939,350,229,107,178,0
3940,355,229,107,178,0
3941,360,229,107,178,0
3942,366,229,107,178,0
3943,373,233,107,178,0
3944,381,238,106,178,0
3945,389,242,105,179,0
3946,397,247,104,178,0
3947,404,251,104,179,0
3948,412,256,103,179,0
3949,420,261,102,178,0
3950,428,265,101,179,0
3951,435,270,101,179,0
3952,443,274,100,179,0
3953,451,279,99,179,0
3954,459,284,98,179,0
3955,465,284,97,178,0
3956,472,284,96,177,0
3957,478,284,95,176,0
3958,485,284,94,175,0
3959,492,284,93,174,0
3960,498,284,92,173,0
3961,505,284,91,172,0
3962,512,284,90,171,0
3963,518,284,89,170,0
3964,525,284,88,169,0
3965,532,285,87,167,0
3966,534,288,88,168,0
3967,536,292,89,168,0
3968,538,296,90,168,0
3969,540,299,91,169,0
3970,542,303,92,169,0
3971,544,307,93,169,0
3972,546,310,94,170,0
3973,548,314,95,170,0
3974,550,318,96,170,0
3975,553,322,96,171,0
3976,557,322,97,172,0
3977,562,322,97,173,0
3978,567,322,97,174,0
3979,572,322,97,175,0
3980,577,322,97,176,0
3981,582,323,97,177,0
3982,586,323,98,178,0
3983,591,323,98,179,0
3984,596,323,98,180,0
3985,601,323,98,181,0
3986,606,323,98,182,0
3987,611,324,98,183,0
3988,617,321,98,182,0
3989,623,318,99,182,0
3990,630,316,98,180,0
3991,636,313,99,180,0
3992,643,311,99,179,0
3993,646,298,99,179,0
3994,650,285,99,179,0
3995,654,272,99,179,0
3996,658,260,99,179,0
3997,662,247,99,179,0
3998,666,234,99,179,0
3999,670,222,99,179,0
4000,672,210,99,176,0
4001,674,198,100,174,0
4002,677,186,99,171,0
4003,679,174,100,169,0
4004,681,162,100,166,0
4005,684,150,100,164,0
4006,678,146,100,162,0
4007,672,143,100,159,0
4008,666,139,101,157,0
4009,660,136,101,154,0
4010,654,133,101,151,0
4011,648,129,102,149,0
4012,642,126,102,146,0
4013,637,123,102,144,0
4014,623,125,103,146,0
4015,610,128,103,147,0
4016,596,131,104,149,0
4017,583,133,104,151,0
4018,569,136,106,152,0
4019,556,139,106,154,0
4020,542,141,107,156,0
4021,529,144,107,157,0
4022,516,147,108,159,0
4023,501,159,108,159,0
4024,487,171,108,160,0
4025,472,183,109,161,0
4026,458,195,109,161,0
4027,443,207,110,162,0
4028,429,219,110,163,0
4029,415,231,110,164,0
4030,410,236,110,162,0
4031,406,241,109,161,0
4032,401,246,110,159,0
4033,397,251,109,158,0
4034,392,256,109,156,0
4035,388,262,109,154,0
4036,392,266,109,155,0
4037,397,270,108,156,0
4038,401,274,108,157,0
4039,406,278,107,158,0
4040,411,283,107,159,0
4041,417,286,105,158,0
4042,423,289,103,158,0
4043,429,292,102,158,0
4044,435,296,100,157,0
4045,441,299,99,157,0
4046,447,302,97,157,0
4047,453,305,95,156,0
4048,459,309,94,155,0
4049,465,312,92,155,0
4050,471,315,91,155,0
4051,477,318,89,155,0
4052,484,322,87,154,0
4053,491,321,86,154,0
4054,498,321,86,154,0
4055,505,321,86,154,0
4056,512,321,86,154,0
4057,513,317,85,154,0
4058,514,314,85,154,0
4059,515,311,84,154,0
4060,516,308,84,154,0
4061,517,305,84,154,0
4062,518,302,83,154,0
4063,519,299,83,154,0
4064,520,296,83,154,0
4065,517,291,82,152,0
4066,514,286,81,151,0
4067,511,281,80,149,0
4068,509,276,78,148,0
4069,506,271,77,146,0
4070,503,266,76,145,0
4071,501,262,74,143,0
4072,498,257,73,141,0
4073,495,252,72,140,0
4074,492,247,71,138,0
4075,490,242,69,137,0
4076,487,237,68,135,0
4077,484,232,67,134,0
4078,482,228,66,132,0
4079,476,221,66,131,0
4080,470,214,66,130,0
4081,464,207,67,129,0
4082,458,200,67,128,0
4083,453,193,67,128,0
4084,453,189,67,127,0
4085,454,185,67,126,0
4086,455,181,67,125,0
4087,455,177,68,125,0
4088,456,173,68,124,0
4089,457,169,68,123,0
4090,458,166,68,122,0
4091,461,166,68,119,0
4092,464,166,69,116,0
4093,467,166,70,113,0
4094,470,166,71,110,0
4095,473,166,72,107,0
4096,476,166,73,104,0
4097,479,166,74,101,0
4098,482,166,75,98,0
4099,485,166,76,95,0
4100,488,166,77,92,0
4101,491,166,78,89,0
4102,495,166,78,87,0
4103,494,166,77,88,0
4104,493,166,77,90,0
4105,492,166,77,91,0
4106,491,167,77,92,0
4107,490,167,77,93,0
4108,489,167,76,95,0
4109,488,168,76,95,0
4110,487,168,76,97,0
4111,486,168,76,98,0
4112,486,169,75,99,0
4113,487,170,75,99,0
4114,488,171,76,99,0
4115,489,172,77,100,0
4116,490,173,77,100,0
4117,491,174,78,100,0
4118,492,175,79,101,0
4119,493,176,79,101,0
4120,494,177,80,101,0
4121,495,178,81,102,0
4122,496,179,81,102,0
4123,497,180,82,102,0
4124,499,182,82,102,0
4125,502,182,83,104,0
4126,506,183,83,105,0
4127,510,184,84,106,0
4128,514,184,84,108,0
4129,518,185,85,109,0
4130,522,186,85,110,0
4131,526,186,85,112,0
4132,530,187,86,113,0
4133,534,188,86,114,0
4134,538,189,87,115,0
4135,538,188,86,113,0
4136,539,187,84,111,0
4137,540,186,83,110,0
4138,541,185,81,108,0
4139,542,184,80,107,0
4140,543,183,78,105,0
4141,544,182,77,104,0
4142,545,181,75,102,0
4143,546,180,74,101,0
4144,547,179,72,99,0
4145,548,178,71,98,0
4146,548,173,72,98,0
4147,548,169,73,97,0
4148,548,164,74,98,0
4149,548,160,75,97,0
4150,548,156,76,96,0
4151,548,151,77,97,0
4152,549,147,77,96,0
4153,549,142,78,97,0
4154,549,138,79,96,0
4155,549,134,80,95,0
4156,549,129,81,96,0
4157,549,125,82,95,0
4158,550,121,82,95,0
4159,552,121,84,95,0
4160,555,121,85,95,0
4161,558,122,86,95,0
4162,561,122,87,95,0
4163,563,123,89,94,0
4164,566,123,90,95,0
4165,569,124,91,94,0
4166,572,124,92,94,0
4167,575,125,94,94,0
4168,583,130,92,95,0
4169,592,135,90,96,0
4170,600,141,89,96,0
4171,609,146,87,98,0
4172,617,152,86,98,0
4173,626,157,84,99,0
4174,635,163,82,100,0
4175,648,174,81,100,0
4176,661,185,80,100,0
4177,674,197,79,99,0
4178,687,208,78,99,0
4179,700,219,77,99,0
4180,714,231,75,99,0
4181,732,242,77,97,0
4182,751,254,78,95,0
4183,770,266,79,93,0
4184,788,277,81,91,0
4185,807,289,82,89,0
4186,826,301,83,87,0
4187,850,308,81,90,0
4188,874,316,80,92,0
4189,898,324,79,95,0
4190,920,331,80,96,0
4191,942,338,81,97,0
4192,965,345,81,98,0
4193,987,352,82,99,0
4194,1010,360,83,99,0
4195,1031,372,81,95,0
4196,1052,384,80,91,0
